bin.chrom	bin.start.chrompos	bin.start.abspos	bin.end.chrompos	bin.length	mappable.positions	gc.content
chr1	0	0	5208865	5208865	4923226	0.530257274534
chr1	5208865	5208865	10135637	4926772	4923226	0.484336200524
chr1	10135637	10135637	15353568	5217931	4923226	0.470362398223
chr1	15353568	15353568	20312661	4959093	4923226	0.491364294233
chr1	20312661	20312661	25245996	4933335	4923226	0.472654310865
chr1	25245996	25245996	30189882	4943886	4923226	0.476120426677
chr1	30189882	30189882	35125618	4935736	4923227	0.46767291943
chr1	35125618	35125618	40054943	4929325	4923226	0.457354928979
chr1	40054943	40054943	44991677	4936734	4923226	0.454396589163
chr1	44991677	44991677	49937299	4945622	4923226	0.437654783299
chr1	49937299	49937299	54867930	4930631	4923226	0.425651229771
chr1	54867930	54867930	59804256	4936326	4923226	0.419289804081
chr1	59804256	59804256	64737565	4933309	4923227	0.399124441982
chr1	64737565	64737565	69680416	4942851	4923226	0.392754953465
chr1	69680416	69680416	74618565	4938149	4923226	0.359138268554
chr1	74618565	74618565	79557578	4939013	4923226	0.378043597762
chr1	79557578	79557578	84498550	4940972	4923226	0.363114640959
chr1	84498550	84498550	89446211	4947661	4923226	0.385417317226
chr1	89446211	89446211	94386153	4939942	4923227	0.397932446198
chr1	94386153	94386153	99318834	4932681	4923226	0.378509221047
chr1	99318834	99318834	104423387	5104553	4923226	0.366049038936
chr1	104423387	104423387	109438345	5014958	4923226	0.364571801171
chr1	109438345	109438345	114383064	4944719	4923226	0.432183130251
chr1	114383064	114383064	119316551	4933487	4923226	0.408523663476
chr1	119316551	119316551	124371560	5055009	4923227	0.410492441403
chr1	124371560	124371560	129294786	4923226	4923226	0.0
chr1	129294786	129294786	134218012	4923226	4923226	0.0
chr1	134218012	134218012	139141238	4923226	4923226	0.0
chr1	139141238	139141238	144271032	5129794	4923226	0.409483889633
chr1	144271032	144271032	150334738	6063706	4923226	0.419899856642
chr1	150334738	150334738	155272825	4938087	4923226	0.452256530816
chr1	155272825	155272825	160215112	4942287	4923227	0.43624786005
chr1	160215112	160215112	165195902	4980790	4923226	0.410900716191
chr1	165195902	165195902	170131874	4935972	4923226	0.404165621618
chr1	170131874	170131874	175078435	4946561	4923226	0.388674722226
chr1	175078435	175078435	180016300	4937865	4923226	0.406162822935
chr1	180016300	180016300	184953775	4937475	4923226	0.41522968107
chr1	184953775	184953775	189897153	4943378	4923227	0.357491837569
chr1	189897153	189897153	194831803	4934650	4923226	0.350391071143
chr1	194831803	194831803	199784418	4952615	4923226	0.35417416691
chr1	199784418	199784418	204711963	4927545	4923226	0.458650927125
chr1	204711963	204711963	209667157	4955194	4923226	0.435821177025
chr1	209667157	209667157	214599764	4932607	4923226	0.418477929226
chr1	214599764	214599764	219533272	4933508	4923227	0.375648574747
chr1	219533272	219533272	224480933	4947661	4923226	0.408307390688
chr1	224480933	224480933	229449061	4968128	4923226	0.446395927643
chr1	229449061	229449061	234376797	4927736	4923226	0.423707185731
chr1	234376797	234376797	239312336	4935539	4923226	0.407538080225
chr1	239312336	239312336	244255203	4942867	4923226	0.397014365544
chr1	244255203	244255203	249250621	4995418	4923227	0.416403004579
chr2	0	249250621	4955408	4955408	4918173	0.441117087231
chr2	4955408	254206029	9877561	4922153	4918174	0.418220691786
chr2	9877561	259128182	14807574	4930013	4918174	0.417822258147
chr2	14807574	264058195	19758016	4950442	4918173	0.403631385238
chr2	19758016	269008637	24685066	4927050	4918174	0.416575752358
chr2	24685066	273935687	29606867	4921801	4918174	0.44776741369
chr2	29606867	278857488	34533447	4926580	4918173	0.412255391089
chr2	34533447	283784068	39464758	4931311	4918174	0.390163633904
chr2	39464758	288715379	44394172	4929414	4918174	0.403319581873
chr2	44394172	293644793	49321129	4926957	4918173	0.42433659383
chr2	49321129	298571750	54246647	4925518	4918174	0.365335842713
chr2	54246647	303497268	59176932	4930285	4918174	0.379711160831
chr2	59176932	308427553	64105756	4928824	4918174	0.401221710809
chr2	64105756	313356377	69034495	4928739	4918173	0.404361884708
chr2	69034495	318285116	73968309	4933814	4918174	0.431151060356
chr2	73968309	323218930	78920755	4952446	4918174	0.386011927839
chr2	78920755	328171376	83848699	4927944	4918173	0.367376590571
chr2	83848699	333099320	89063693	5214994	4918174	0.424337211491
chr2	89063693	338314314	94274581	5210888	4918174	0.410763631101
chr2	94274581	343525202	99417309	5142728	4918173	0.440784475721
chr2	99417309	348667930	104349167	4931858	4918174	0.412441147964
chr2	104349167	353599788	109334286	4985119	4918174	0.404186377823
chr2	109334286	358584907	114743690	5409404	4918173	0.435724908997
chr2	114743690	363994311	119684518	4940828	4918174	0.383589801713
chr2	119684518	368935139	124613999	4929481	4918174	0.424950243261
chr2	124613999	373864620	129548607	4934608	4918174	0.415635278168
chr2	129548607	378799228	134643331	5094724	4918173	0.422855517647
chr2	134643331	383893952	139576707	4933376	4918174	0.397329578232
chr2	139576707	388827328	144504737	4928030	4918174	0.356702026286
chr2	144504737	393755358	149437549	4932812	4918173	0.368670701956
chr2	149437549	398688170	154384961	4947412	4918174	0.389767203709
chr2	154384961	403635582	159323776	4938815	4918174	0.365115775701
chr2	159323776	408574397	164256362	4932586	4918173	0.37909896387
chr2	164256362	413506983	169193652	4937290	4918174	0.367059513596
chr2	169193652	418444273	174123175	4929523	4918174	0.401497710226
chr2	174123175	423373796	179064917	4941742	4918173	0.398309179917
chr2	179064917	428315538	184002316	4937399	4918174	0.371261519978
chr2	184002316	433252937	188934590	4932274	4918174	0.354892345846
chr2	188934590	438185211	193864741	4930151	4918174	0.370758270585
chr2	193864741	443115362	198809314	4944573	4918173	0.367744649439
chr2	198809314	448059935	203733774	4924460	4918174	0.396815530306
chr2	203733774	452984395	208662574	4928800	4918174	0.400776294118
chr2	208662574	457913195	213594591	4932017	4918173	0.367630578877
chr2	213594591	462845212	218522982	4928391	4918174	0.393136464564
chr2	218522982	467773603	223449122	4926140	4918174	0.432567311296
chr2	223449122	472699743	228374713	4925591	4918173	0.394071942201
chr2	228374713	477625334	233316915	4942202	4918174	0.420939726486
chr2	233316915	482567536	238246863	4929948	4918174	0.452622055554
chr2	238246863	487497484	243199373	4952510	4918173	0.497766723425
chr3	0	492449994	5014338	5014338	4932526	0.383128529734
chr3	5014338	497464332	9956283	4941945	4932526	0.407192752168
chr3	9956283	502406277	14894925	4938642	4932526	0.470025577871
chr3	14894925	507344919	19842961	4948036	4932526	0.394241717626
chr3	19842961	512292955	24793853	4950892	4932526	0.380046916779
chr3	24793853	517243847	29746363	4952510	4932526	0.381086810087
chr3	29746363	522196357	34685203	4938840	4932526	0.399773469165
chr3	34685203	527135197	39629053	4943850	4932526	0.40722173722
chr3	39629053	532079047	44579597	4950544	4932526	0.419108922531
chr3	44579597	537029591	49522312	4942715	4932526	0.458630749039
chr3	49522312	541972306	54466364	4944052	4932526	0.467875553139
chr3	54466364	546916358	59412069	4945705	4932526	0.417179181864
chr3	59412069	551862063	64359664	4947595	4932526	0.398030799629
chr3	64359664	556809658	69300342	4940678	4932526	0.397898229174
chr3	69300342	561750336	74237136	4936794	4932526	0.407752315469
chr3	74237136	566687130	79186726	4949590	4932526	0.370891984632
chr3	79186726	571636720	84133483	4946757	4932526	0.34967379652
chr3	84133483	576583477	89075395	4941912	4932526	0.352399090717
chr3	89075395	581525389	94026764	4951369	4932526	0.363353765122
chr3	94026764	586476758	98967825	4941061	4932526	0.358660879248
chr3	98967825	591417819	103917813	4949988	4932526	0.373340956244
chr3	103917813	596367807	108867122	4949309	4932526	0.370048881551
chr3	108867122	601317116	113824375	4957253	4932526	0.383501353067
chr3	113824375	606274369	118772218	4947843	4932526	0.373715021388
chr3	118772218	611222212	123720275	4948057	4932526	0.409341723694
chr3	123720275	616170269	128664050	4943775	4932526	0.45938196646
chr3	128664050	621114044	133620156	4956106	4932526	0.414897940077
chr3	133620156	626070150	138578732	4958576	4932526	0.416499448027
chr3	138578732	631028726	143520773	4942041	4932526	0.412174681604
chr3	143520773	635970767	148464580	4943807	4932526	0.358617009678
chr3	148464580	640914574	153405335	4940755	4932526	0.385247442851
chr3	153405335	645855329	158359533	4954198	4932526	0.383445359493
chr3	158359533	650809527	163308492	4948959	4932526	0.375330094539
chr3	163308492	655758486	168256568	4948076	4932526	0.353215531364
chr3	168256568	660706562	173198136	4941568	4932526	0.38915749448
chr3	173198136	665648130	178144149	4946013	4932526	0.367111098531
chr3	178144149	670594143	183089388	4945239	4932526	0.387667860879
chr3	183089388	675539382	188036785	4947397	4932526	0.434756929853
chr3	188036785	680486779	192982113	4945328	4932526	0.37831226632
chr3	192982113	685432107	198022430	5040317	4932527	0.447394265922
chr4	0	690472424	4946355	4946355	4925019	0.498566337838
chr4	4946355	695418779	9981024	5034669	4925019	0.489200955923
chr4	9981024	700453448	14928637	4947613	4925019	0.395973009218
chr4	14928637	705401061	19874474	4945837	4925020	0.391595440127
chr4	19874474	710346898	24815168	4940694	4925019	0.382387218319
chr4	24815168	715287592	29750046	4934878	4925019	0.385571685634
chr4	29750046	720222470	34680503	4930457	4925020	0.349038571838
chr4	34680503	725152927	39612214	4931711	4925019	0.383378757036
chr4	39612214	730084638	44545919	4933705	4925019	0.394971464666
chr4	44545919	735018343	49522557	4976638	4925019	0.373199575688
chr4	49522557	739994981	57492763	7970206	4925020	0.403759762167
chr4	57492763	747965187	62436000	4943237	4925019	0.365592402088
chr4	62436000	752908424	67383010	4947010	4925019	0.347660769774
chr4	67383010	757855434	72335820	4952810	4925020	0.368382849985
chr4	72335820	762808244	77315378	4979558	4925019	0.380054534519
chr4	77315378	767787802	82269651	4954273	4925019	0.383729405412
chr4	82269651	772742075	87212753	4943102	4925019	0.388942656274
chr4	87212753	777685177	92160248	4947495	4925020	0.379135550764
chr4	92160248	782632672	97107152	4946904	4925019	0.360192006883
chr4	97107152	787579576	102051438	4944286	4925019	0.371206733912
chr4	102051438	792523862	106996221	4944783	4925020	0.367886975875
chr4	106996221	797468645	111940174	4943953	4925019	0.38257569092
chr4	111940174	802412598	116881785	4941611	4925019	0.363798622029
chr4	116881785	807354209	121834012	4952227	4925019	0.363769526813
chr4	121834012	812306436	126773453	4939441	4925020	0.371375679404
chr4	126773453	817245877	131717556	4944103	4925019	0.368850782902
chr4	131717556	822189980	136671090	4953534	4925019	0.346961847052
chr4	136671090	827143514	141614049	4942959	4925020	0.377492559622
chr4	141614049	832086473	146563577	4949528	4925019	0.377277842543
chr4	146563577	837036001	151503322	4939745	4925019	0.382024018639
chr4	151503322	841975746	156434725	4931403	4925019	0.397465022646
chr4	156434725	846907149	161373732	4939007	4925020	0.369677398847
chr4	161373732	851846156	166319471	4945739	4925019	0.361531062787
chr4	166319471	856791895	171267396	4947925	4925019	0.373565333523
chr4	171267396	861739820	176202590	4935194	4925020	0.36518225416
chr4	176202590	866675014	181134971	4932381	4925019	0.361008867316
chr4	181134971	871607395	186073486	4938515	4925019	0.404956589195
chr4	186073486	876545910	191154276	5080790	4925020	0.406548575468
chr5	0	881626700	4890841	4890841	4833643	0.4703914877
chr5	4890841	886517541	9738860	4848019	4833644	0.411233367182
chr5	9738860	891365560	14581117	4842257	4833643	0.398068752621
chr5	14581117	896207817	19500830	4919713	4833644	0.392595665249
chr5	19500830	901127530	24379125	4878295	4833643	0.353436250396
chr5	24379125	906005825	29224553	4845428	4833644	0.348288387202
chr5	29224553	910851253	34074380	4849827	4833643	0.389633737602
chr5	34074380	915701080	38947270	4872890	4833644	0.398291609993
chr5	38947270	920573970	43799015	4851745	4833643	0.384018787459
chr5	43799015	925425715	48642543	4843528	4833644	0.362421244006
chr5	48642543	930269243	53503561	4861018	4833643	0.368913073504
chr5	53503561	935130261	58353651	4850090	4833644	0.399494071453
chr5	58353651	939980351	63199565	4845914	4833644	0.383117453955
chr5	63199565	944826265	68052108	4852543	4833643	0.386094101137
chr5	68052108	949678808	74055601	6003493	4833644	0.401686017895
chr5	74055601	955682301	78904279	4848678	4833643	0.401970226948
chr5	78904279	960530979	83760707	4856428	4833644	0.386283751645
chr5	83760707	965387407	88605121	4844414	4833643	0.357532259822
chr5	88605121	970231821	93456578	4851457	4833644	0.365061744774
chr5	93456578	975083278	98302331	4845753	4833643	0.376916497016
chr5	98302331	979929031	103187955	4885624	4833644	0.36006501521
chr5	103187955	984814655	108039626	4851671	4833643	0.356607504257
chr5	108039626	989666326	112890632	4851006	4833644	0.383059149768
chr5	112890632	994517332	117735442	4844810	4833643	0.378130462028
chr5	117735442	999362142	122587582	4852140	4833644	0.372835749654
chr5	122587582	1004214282	127433896	4846314	4833644	0.38613247671
chr5	127433896	1009060596	132282762	4848866	4833643	0.387195733107
chr5	132282762	1013909462	137129915	4847153	4833644	0.44054316398
chr5	137129915	1018756615	141973717	4843802	4833643	0.444901168258
chr5	141973717	1023600417	146824939	4851222	4833644	0.392743563274
chr5	146824939	1028451639	151677318	4852379	4833643	0.429147463895
chr5	151677318	1033304018	156536945	4859627	4833644	0.403216339556
chr5	156536945	1038163645	161382410	4845465	4833643	0.406755220911
chr5	161382410	1043009110	166225455	4843045	4833644	0.366251659338
chr5	166225455	1047852155	171072793	4847338	4833643	0.424239892395
chr5	171072793	1052699493	175966923	4894130	4833644	0.451010516267
chr5	175966923	1057593623	180915260	4948337	4833644	0.480190501339
chr6	0	1062541960	4965774	4965774	4867986	0.434479071201
chr6	4965774	1067507734	9848272	4882498	4867987	0.411352176139
chr6	9848272	1072390232	14721086	4872814	4867987	0.414982630167
chr6	14721086	1077263046	19595854	4874768	4867986	0.413248830201
chr6	19595854	1082137814	24477734	4881880	4867987	0.391982641121
chr6	24477734	1087019694	29397723	4919989	4867987	0.405601554962
chr6	29397723	1091939683	34304071	4906348	4867987	0.469144272219
chr6	34304071	1096846031	39176182	4872111	4867986	0.447175383658
chr6	39176182	1101718142	44050004	4873822	4867987	0.46295783352
chr6	44050004	1106591964	48935479	4885475	4867987	0.395244722266
chr6	48935479	1111477439	53816967	4881488	4867986	0.386511905176
chr6	53816967	1116358927	58724483	4907516	4867987	0.369280978475
chr6	58724483	1121266443	63600828	4876345	4867987	0.356770104736
chr6	63600828	1126142788	68478198	4877370	4867987	0.352763332385
chr6	68478198	1131020158	73365365	4887167	4867986	0.365554168477
chr6	73365365	1135907325	78251071	4885706	4867987	0.377727445029
chr6	78251071	1140793031	83136355	4885284	4867987	0.368710450115
chr6	83136355	1145678315	88032443	4896088	4867986	0.384139997427
chr6	88032443	1150574403	92912476	4880033	4867987	0.391010515293
chr6	92912476	1155454436	97798577	4886101	4867987	0.354727504871
chr6	97798577	1160340537	102681997	4883420	4867987	0.365725304919
chr6	102681997	1165223957	107569494	4887497	4867986	0.378507698927
chr6	107569494	1170111454	112447979	4878485	4867987	0.411226267488
chr6	112447979	1174989939	117340127	4892148	4867987	0.370497505289
chr6	117340127	1179882087	122223496	4883369	4867986	0.374304143593
chr6	122223496	1184765456	127106260	4882764	4867987	0.369240713153
chr6	127106260	1189648220	131987279	4881019	4867987	0.372869733607
chr6	131987279	1194529239	136869700	4882421	4867987	0.386353251244
chr6	136869700	1199411660	141742915	4873215	4867986	0.387799065792
chr6	141742915	1204284875	146625319	4882404	4867987	0.380364312185
chr6	146625319	1209167279	151499308	4873989	4867987	0.408992753577
chr6	151499308	1214041268	156377554	4878246	4867986	0.391945017965
chr6	156377554	1218919514	161284456	4906902	4867987	0.430227439533
chr6	161284456	1223826416	166164345	4879889	4867987	0.401450155342
chr6	166164345	1228706305	171115067	4950722	4867987	0.456223871338
chr7	0	1233657027	4942303	4942303	4908962	0.509717643613
chr7	4942303	1238599330	9907839	4965536	4908963	0.420239055667
chr7	9907839	1243564866	14830282	4922443	4908962	0.360005038147
chr7	14830282	1248487309	19750744	4920462	4908963	0.365354161721
chr7	19750744	1253407771	24671054	4920310	4908962	0.393639265152
chr7	24671054	1258328081	29591563	4920509	4908963	0.41198871418
chr7	29591563	1263248590	34533221	4941658	4908962	0.412105446348
chr7	34533221	1268190248	39463925	4930704	4908963	0.401066297605
chr7	39463925	1273120952	44390275	4926350	4908962	0.413300957788
chr7	44390275	1278047302	49312343	4922068	4908963	0.422551893817
chr7	49312343	1282969370	54235344	4923001	4908962	0.390157245449
chr7	54235344	1287892371	59255259	5019915	4908963	0.425189081505
chr7	59255259	1292912286	64522422	5267163	4908962	0.40338937723
chr7	64522422	1298179449	69556307	5033885	4908963	0.432423691672
chr7	69556307	1303213334	74997381	5441074	4908962	0.462352598999
chr7	74997381	1308654408	80019410	5022029	4908963	0.404968428112
chr7	80019410	1313676437	84939130	4919720	4908963	0.352906932546
chr7	84939130	1318596157	89865125	4925995	4908962	0.361714593005
chr7	89865125	1323522152	94788352	4923227	4908963	0.377109616473
chr7	94788352	1328445379	99715417	4927065	4908962	0.422074227933
chr7	99715417	1333372444	104759503	5044086	4908963	0.451288203171
chr7	104759503	1338416530	109679065	4919562	4908962	0.393041944367
chr7	109679065	1343336092	114618325	4939260	4908963	0.368459093686
chr7	114618325	1348275352	119539605	4921280	4908962	0.363423392523
chr7	119539605	1353196632	124459081	4919476	4908963	0.366069733415
chr7	124459081	1358116108	129375260	4916179	4908962	0.400078638276
chr7	129375260	1363032287	134292299	4917039	4908963	0.422782575444
chr7	134292299	1367949326	139212817	4920518	4908962	0.402512336095
chr7	139212817	1372869844	144312225	5099408	4908963	0.42137697714
chr7	144312225	1377969252	149235646	4923421	4908962	0.387681497202
chr7	149235646	1382892673	154205530	4969884	4908963	0.448658983325
chr7	154205530	1387862557	159138663	4933133	4908963	0.470823949739
chr8	0	1392795690	4880083	4880083	4838278	0.425882710466
chr8	4880083	1397675773	10112843	5232760	4838278	0.422724408337
chr8	10112843	1402908533	15099721	4986878	4838278	0.411763299898
chr8	15099721	1407895411	19948875	4849154	4838278	0.38868000947
chr8	19948875	1412744565	24793190	4844315	4838278	0.440727557672
chr8	24793190	1417588880	29645601	4852411	4838278	0.425057801139
chr8	29645601	1422441291	34491823	4846222	4838278	0.395915252782
chr8	34491823	1427287513	39340534	4848711	4838278	0.407871738336
chr8	39340534	1432136224	44200626	4860092	4838278	0.417423128549
chr8	44200626	1436996316	49056802	4856176	4838278	0.427018592138
chr8	49056802	1441852492	53901081	4844279	4838278	0.385093680569
chr8	53901081	1446696771	58749899	4848818	4838278	0.401075931876
chr8	58749899	1451545589	63602198	4852299	4838278	0.384936754748
chr8	63602198	1456397888	68452452	4850254	4838278	0.387999932375
chr8	68452452	1461248142	73306456	4854004	4838278	0.38597212282
chr8	73306456	1466102146	78167541	4861085	4838279	0.375604880143
chr8	78167541	1470963231	83016313	4848772	4838278	0.375668364828
chr8	83016313	1475812003	87970826	4954513	4838278	0.364801025702
chr8	87970826	1480766516	92837676	4866850	4838278	0.365039660133
chr8	92837676	1485633366	97692254	4854578	4838278	0.396713618892
chr8	97692254	1490487944	102548599	4856345	4838278	0.405112114106
chr8	102548599	1495344289	107401003	4852404	4838278	0.388210508354
chr8	107401003	1500196693	112247363	4846360	4838278	0.364797346958
chr8	112247363	1505043053	117100416	4853053	4838278	0.348073533063
chr8	117100416	1509896106	121949866	4849450	4838278	0.391567748273
chr8	121949866	1514745556	126800857	4850991	4838278	0.411486266832
chr8	126800857	1519596547	131659766	4858909	4838278	0.405561451939
chr8	131659766	1524455456	136512784	4853018	4838278	0.419891737516
chr8	136512784	1529308474	141364485	4851701	4838278	0.415691150097
chr8	141364485	1534160175	146364022	4999537	4838278	0.53095684803
chr9	0	1539159712	4867430	4867430	4828584	0.401734085006
chr9	4867430	1544027142	9708208	4840778	4828584	0.38609046476
chr9	9708208	1548867920	14546998	4838790	4828584	0.361188701643
chr9	14546998	1553706710	19389535	4842537	4828584	0.39393115884
chr9	19389535	1558549247	24233401	4843866	4828584	0.377773713074
chr9	24233401	1563393113	29073700	4840299	4828584	0.368299822676
chr9	29073700	1568233412	33915179	4841479	4828584	0.378013256687
chr9	33915179	1573074891	38753749	4838570	4828584	0.446834520598
chr9	38753749	1577913461	46762183	8008434	4828584	0.397299911765
chr9	46762183	1585921895	51817491	5055308	4828584	0.406951088591
chr9	51817491	1590977203	56646075	4828584	4828584	0.0
chr9	56646075	1595805787	61474659	4828584	4828584	0.0
chr9	61474659	1600634371	66808037	5333378	4828584	0.39584078712
chr9	66808037	1605967749	73274499	6466462	4828584	0.39970099492
chr9	73274499	1612434211	78128978	4854479	4828584	0.379568691277
chr9	78128978	1617288690	82970702	4841724	4828584	0.395636184286
chr9	82970702	1622130414	87832347	4861645	4828584	0.396176028412
chr9	87832347	1626992059	92683377	4851030	4828584	0.427392158977
chr9	92683377	1631843089	97543764	4860387	4828584	0.43721850247
chr9	97543764	1636703476	102398226	4854462	4828584	0.436374026051
chr9	102398226	1641557938	107245060	4846834	4828584	0.370594136051
chr9	107245060	1646404772	112085101	4840041	4828584	0.407479644292
chr9	112085101	1651244813	116960579	4875478	4828584	0.419780206257
chr9	116960579	1656120291	121797017	4836438	4828584	0.404371603907
chr9	121797017	1660956729	126638561	4841544	4828584	0.428340245037
chr9	126638561	1665798273	131473799	4835238	4828584	0.471804501948
chr9	131473799	1670633511	136309192	4835393	4828584	0.499099008728
chr9	136309192	1675468904	141213431	4904239	4828584	0.551084262179
chr10	0	1680373143	5016913	5016913	4944627	0.429899241766
chr10	5016913	1685390056	9980819	4963906	4944627	0.411754810927
chr10	9980819	1690353962	14934439	4953620	4944627	0.429096729625
chr10	14934439	1695307582	20056986	5122547	4944627	0.396910310773
chr10	20056986	1700430129	25013833	4956847	4944627	0.399572591378
chr10	25013833	1705386976	29967341	4953508	4944627	0.402855550912
chr10	29967341	1710340484	34923893	4956552	4944627	0.409795192386
chr10	34923893	1715297036	39893450	4969557	4944627	0.403574515635
chr10	39893450	1720266593	44854246	4960796	4944627	0.43511547932
chr10	44854246	1725227389	50778478	5924232	4944627	0.431776966725
chr10	50778478	1731151621	56058926	5280448	4944627	0.380079676507
chr10	56058926	1736432069	61015587	4956661	4944627	0.356792736725
chr10	61015587	1741388730	65967601	4952014	4944627	0.390142229058
chr10	65967601	1746340744	70921491	4953890	4944627	0.376382852109
chr10	70921491	1751294634	75876093	4954602	4944627	0.462805503729
chr10	75876093	1756249236	80830686	4954593	4944627	0.432373786354
chr10	80830686	1761203829	85828430	4997744	4944627	0.403393449767
chr10	85828430	1766201573	90868580	5040150	4944627	0.409510268738
chr10	90868580	1771241723	95825664	4957084	4944627	0.401529245206
chr10	95825664	1776198807	100787298	4961634	4944627	0.425556610763
chr10	100787298	1781160441	105739948	4952650	4944627	0.454541930263
chr10	105739948	1786113091	110703608	4963660	4944627	0.387463328486
chr10	110703608	1791076751	115666560	4962952	4944627	0.413287529967
chr10	115666560	1796039703	120621378	4954818	4944627	0.411640465575
chr10	120621378	1800994521	125590785	4969407	4944627	0.441034336276
chr10	125590785	1805963928	130541207	4950422	4944627	0.449740486323
chr10	130541207	1810914350	135534747	4993540	4944627	0.492078391479
chr11	0	1815907890	5114262	5114262	4971357	0.500556325566
chr11	5114262	1821022152	10104548	4990286	4971358	0.415272825937
chr11	10104548	1826012438	15087123	4982575	4971357	0.418409389358
chr11	15087123	1830995013	20068584	4981461	4971358	0.422671411993
chr11	20068584	1835976474	25058088	4989504	4971357	0.370383360597
chr11	25058088	1840965978	30044708	4986620	4971358	0.369121822348
chr11	30044708	1845952598	35029346	4984638	4971357	0.40321648103
chr11	35029346	1850937236	40017753	4988407	4971358	0.380827434158
chr11	40017753	1855925643	44999971	4982218	4971358	0.39866244365
chr11	44999971	1860907861	50000467	5000496	4971357	0.429500421758
chr11	50000467	1865908357	55053498	5053031	4971358	0.378534938242
chr11	55053498	1870961388	60041799	4988301	4971357	0.395807953126
chr11	60041799	1875949689	65051632	5009833	4971358	0.485319975608
chr11	65051632	1880959522	70029369	4977737	4971357	0.504120044143
chr11	70029369	1885937259	75011463	4982094	4971358	0.461537674103
chr11	75011463	1890919353	79993570	4982107	4971357	0.434740990211
chr11	79993570	1895901460	84973544	4979974	4971358	0.371995969458
chr11	84973544	1900881434	90069318	5095774	4971358	0.380969151227
chr11	90069318	1905977208	95068906	4999588	4971357	0.387146546017
chr11	95068906	1910976796	100058146	4989240	4971358	0.363085995699
chr11	100058146	1915966036	105045354	4987208	4971357	0.376620996509
chr11	105045354	1920953244	110034342	4988988	4971358	0.379670033414
chr11	110034342	1925942232	115016016	4981674	4971357	0.419657159558
chr11	115016016	1930923906	119995673	4979657	4971358	0.46314576962
chr11	119995673	1935903563	124978858	4983185	4971357	0.421868575271
chr11	124978858	1940886748	129964845	4985987	4971358	0.426481085297
chr11	129964845	1945872735	135006516	5041671	4971358	0.438887586336
chr12	0	1950914406	5019834	5019834	4940603	0.450762917539
chr12	5019834	1955934240	9989908	4970074	4940603	0.440403335397
chr12	9989908	1960904314	14948868	4958960	4940604	0.403178528087
chr12	14948868	1965863274	19899917	4951049	4940603	0.370566572633
chr12	19899917	1970814323	24861011	4961094	4940604	0.368481077568
chr12	24861011	1975775417	29811056	4950045	4940603	0.38670319696
chr12	29811056	1980725462	34760676	4949620	4940604	0.406620950044
chr12	34760676	1985675082	39709146	4948470	4940603	0.375785230683
chr12	39709146	1990623552	44671941	4962795	4940604	0.374076957006
chr12	44671941	1995586347	49623775	4951834	4940603	0.407754012855
chr12	49623775	2000538181	54574186	4950411	4940604	0.465107860698
chr12	54574186	2005488592	59536745	4962559	4940603	0.432056956076
chr12	59536745	2010451151	64489943	4953198	4940604	0.368478761205
chr12	64489943	2015404349	69443890	4953947	4940603	0.397623189096
chr12	69443890	2020358296	74408442	4964552	4940604	0.373734277037
chr12	74408442	2025322848	79359623	4951181	4940603	0.367449758977
chr12	79359623	2030274029	84317704	4958081	4940604	0.362998763837
chr12	84317704	2035232110	89273746	4956042	4940603	0.350526548998
chr12	89273746	2040188152	94229321	4955575	4940604	0.380312928242
chr12	94229321	2045143727	99183846	4954525	4940603	0.405274408637
chr12	99183846	2050098252	104134246	4950400	4940604	0.391574664037
chr12	104134246	2055048652	109083059	4948813	4940603	0.426936751525
chr12	109083059	2059997465	114030384	4947325	4940604	0.462766525494
chr12	114030384	2064944790	118974625	4944241	4940603	0.44343532468
chr12	118974625	2069889031	123921560	4946935	4940604	0.464071891139
chr12	123921560	2074835966	128873396	4951836	4940603	0.445405649719
chr12	128873396	2079787802	133851895	4978499	4940603	0.480949573791
chr13	0	2084766301	23823493	23823493	4788471	0.41390341824
chr13	23823493	2108589794	28620108	4796615	4788471	0.422557606747
chr13	28620108	2113386409	33422459	4802351	4788471	0.411294213482
chr13	33422459	2118188760	38222843	4800384	4788471	0.3851477777
chr13	38222843	2122989144	43027329	4804486	4788471	0.388214103147
chr13	43027329	2127793630	47830248	4802919	4788471	0.404525079634
chr13	47830248	2132596549	52636343	4806095	4788472	0.401789851516
chr13	52636343	2137402644	57464938	4828595	4788471	0.366241166948
chr13	57464938	2142231239	62294224	4829286	4788471	0.36127892973
chr13	62294224	2147060525	67105978	4811754	4788471	0.343996245861
chr13	67105978	2151872279	71901577	4795599	4788471	0.343807168278
chr13	71901577	2156667878	76701859	4800282	4788471	0.373881212028
chr13	76701859	2161468160	81505419	4803560	4788471	0.375827562963
chr13	81505419	2166271720	86303970	4798551	4788472	0.346610530299
chr13	86303970	2171070271	91100252	4796282	4788471	0.344870868849
chr13	91100252	2175866553	95902099	4801847	4788471	0.371864671296
chr13	95902099	2180668400	100700639	4798540	4788471	0.415123385395
chr13	100700639	2185466940	105496013	4795374	4788471	0.381027056064
chr13	105496013	2190262314	110296464	4800451	4788471	0.381767720671
chr13	110296464	2195062765	115169878	4873414	4788472	0.477004042869
chr14	0	2199936179	24082565	24082565	4879863	0.420880039555
chr14	24082565	2224018744	28991174	4908609	4879863	0.38181289982
chr14	28991174	2228927353	33886193	4895019	4879863	0.378700111807
chr14	33886193	2233822372	38783231	4897038	4879864	0.396633680754
chr14	38783231	2238719410	43680589	4897358	4879863	0.358351234134
chr14	43680589	2243616768	48581920	4901331	4879863	0.358725881306
chr14	48581920	2248518099	53474432	4892512	4879863	0.393952270755
chr14	53474432	2253410611	58368833	4894401	4879864	0.401764423567
chr14	58368833	2258305012	63265516	4896683	4879863	0.392562927777
chr14	63265516	2263201695	68154840	4889324	4879863	0.409937484226
chr14	68154840	2268091019	73047062	4892222	4879864	0.423781494878
chr14	73047062	2272983241	77932201	4885139	4879863	0.453853020824
chr14	77932201	2277868380	82824734	4892533	4879863	0.395428545733
chr14	82824734	2282760913	87714829	4890095	4879863	0.360950713248
chr14	87714829	2287651008	92602260	4887431	4879864	0.422796793327
chr14	92602260	2292538439	97484756	4882496	4879863	0.453505152485
chr14	97484756	2297420935	102368381	4883625	4879863	0.456990265637
chr14	102368381	2302304560	107349540	4981159	4879864	0.498578790366
chr15	0	2307285719	25704050	25704050	5030360	0.416086234137
chr15	25704050	2332989769	31133919	5429869	5030361	0.427401936256
chr15	31133919	2338419638	36375168	5241249	5030360	0.411001686429
chr15	36375168	2343660887	41415362	5040194	5030361	0.40409777715
chr15	41415362	2348701081	46519912	5104550	5030360	0.432382900595
chr15	46519912	2353805631	51563388	5043476	5030361	0.38694745967
chr15	51563388	2358849107	56616162	5052774	5030360	0.393817774625
chr15	56616162	2363901881	61652140	5035978	5030361	0.406614005616
chr15	61652140	2368937859	66688354	5036214	5030360	0.435062554902
chr15	66688354	2373974073	71732379	5044025	5030361	0.443245843054
chr15	71732379	2379018098	76828720	5096341	5030360	0.451662692248
chr15	76828720	2384114439	81873579	5044859	5030361	0.442116839294
chr15	81873579	2389159298	87390363	5516784	5030360	0.426719645192
chr15	87390363	2394676082	92433894	5043531	5030361	0.440147610812
chr15	92433894	2399719613	97469741	5035847	5030360	0.407437554224
chr15	97469741	2404755460	102531392	5061651	5030361	0.426675471707
chr16	0	2409817111	5021057	5021057	4909214	0.541458587773
chr16	5021057	2414838168	9938782	4917725	4909214	0.432431810576
chr16	9938782	2419755893	14917782	4979000	4909214	0.45022657151
chr16	14917782	2424734893	20337406	5419624	4909214	0.450378679267
chr16	20337406	2430154517	25498970	5161564	4909214	0.439292261302
chr16	25498970	2435316081	30755616	5256646	4909214	0.468811683795
chr16	30755616	2440572727	36137032	5381416	4909214	0.431318213427
chr16	36137032	2445954143	41046246	4909214	4909214	0.0
chr16	41046246	2450863357	45955460	4909214	4909214	0.0
chr16	45955460	2455772571	50879221	4923761	4909215	0.437157248974
chr16	50879221	2460696332	55794976	4915755	4909214	0.416726253963
chr16	55794976	2465612087	60722184	4927208	4909214	0.431039269688
chr16	60722184	2470539295	65646466	4924282	4909214	0.369393398106
chr16	65646466	2475463577	70593076	4946610	4909214	0.468199850726
chr16	70593076	2480410187	75534558	4941482	4909214	0.433872901339
chr16	75534558	2485351669	80448875	4914317	4909214	0.40887516663
chr16	80448875	2490265986	85367718	4918843	4909214	0.456667368051
chr16	85367718	2495184829	90354753	4987035	4909214	0.526131035326
chr17	0	2500171864	5048772	5048772	5014076	0.494171485705
chr17	5048772	2505220636	10069682	5020910	5014076	0.471480081706
chr17	10069682	2510241546	15095871	5026189	5014076	0.41434000419
chr17	15095871	2515267735	20352969	5257098	5014076	0.467470848947
chr17	20352969	2520524833	25413188	5060219	5014076	0.440274336414
chr17	25413188	2525585052	30458703	5045515	5014076	0.447483577996
chr17	30458703	2530630567	35627908	5169205	5014076	0.445502203759
chr17	35627908	2535799772	40697554	5069646	5014077	0.470778247326
chr17	40697554	2540869418	45940285	5242731	5014076	0.471634355593
chr17	45940285	2546112149	50958132	5017847	5014076	0.446791842481
chr17	50958132	2551129996	55977813	5019681	5014076	0.401207606138
chr17	55977813	2556149677	61033893	5056080	5014076	0.423387911826
chr17	61033893	2561205757	66081364	5047471	5014076	0.436693704999
chr17	66081364	2566253228	71111405	5030041	5014076	0.404503301463
chr17	71111405	2571283269	76127859	5016454	5014076	0.504545838736
chr17	76127859	2576299723	81195210	5067351	5014077	0.537513145837
chr18	0	2581367074	4887016	4887016	4861759	0.394703484793
chr18	4887016	2586254090	9763208	4876192	4861760	0.409360456126
chr18	9763208	2591130282	14647583	4884375	4861760	0.428438672936
chr18	14647583	2596014657	19522048	4874465	4861759	0.394024233756
chr18	19522048	2600889122	24392852	4870804	4861760	0.411580547449
chr18	24392852	2605759926	29266625	4873773	4861760	0.363410703202
chr18	29266625	2610633699	34139679	4873054	4861759	0.38689130599
chr18	34139679	2615506753	39014809	4875130	4861760	0.384262620992
chr18	39014809	2620381883	43886725	4871916	4861760	0.387155736201
chr18	43886725	2625253799	48769709	4882984	4861759	0.441138270722
chr18	48769709	2630136783	53642914	4873205	4861760	0.380940111242
chr18	53642914	2635009988	58516130	4873216	4861760	0.408596947643
chr18	58516130	2639883204	63393004	4876874	4861759	0.384142430523
chr18	63393004	2644760078	68263205	4870201	4861760	0.357552857653
chr18	68263205	2649630279	73137422	4874217	4861760	0.383462898347
chr18	73137422	2654504496	78077248	4939826	4861760	0.447110734008
chr19	0	2659444322	5033448	5033448	4883937	0.55598588505
chr19	5033448	2664477770	9978507	4945059	4883938	0.495898194058
chr19	9978507	2669422829	14869263	4890756	4883938	0.500767979115
chr19	14869263	2674313585	19756560	4887297	4883937	0.511985659154
chr19	19756560	2679200882	24686337	4929777	4883938	0.410811065105
chr19	24686337	2684130659	29574126	4887789	4883938	0.416198151704
chr19	29574126	2689018448	34468117	4893991	4883937	0.460551333032
chr19	34468117	2693912439	39424367	4956250	4883938	0.471025282815
chr19	39424367	2698868689	44345181	4920814	4883938	0.48109276998
chr19	44345181	2703789503	49271352	4926171	4883937	0.492171509202
chr19	49271352	2708715674	54208239	4936887	4883938	0.483356826536
chr19	54208239	2713652561	59128983	4920744	4883938	0.47947022295
chr20	0	2718573305	4896213	4896213	4823681	0.454949376734
chr20	4896213	2723469518	9733452	4837239	4823681	0.39600921269
chr20	9733452	2728306757	14571795	4838343	4823681	0.389447424688
chr20	14571795	2733145100	19408145	4836350	4823682	0.41148390357
chr20	19408145	2737981450	24245919	4837774	4823681	0.426580933057
chr20	24245919	2742819224	29138229	4892310	4823681	0.446681722238
chr20	29138229	2747711534	33968744	4830515	4823682	0.463032517219
chr20	33968744	2752542049	38800085	4831341	4823681	0.454029966058
chr20	38800085	2757373390	43633141	4833056	4823681	0.441347900232
chr20	43633141	2762206446	48466503	4833362	4823682	0.461378451944
chr20	48466503	2767039808	53296422	4829919	4823681	0.442710139565
chr20	53296422	2771869727	58129841	4833419	4823681	0.443696503988
chr20	58129841	2776703146	63025520	4895679	4823682	0.511723765119
chr21	0	2781598825	14247574	14247574	4831702	0.393959228754
chr21	14247574	2795846399	19093355	4845781	4831702	0.376935448731
chr21	19093355	2800692180	23929899	4836544	4831702	0.353169183132
chr21	23929899	2805528724	28765662	4835763	4831703	0.365441662281
chr21	28765662	2810364487	33603960	4838298	4831702	0.391156343073
chr21	33603960	2815202785	38440194	4836234	4831702	0.436101133195
chr21	38440194	2820039019	43278196	4838002	4831702	0.430545253504
chr21	43278196	2824877021	48129895	4851699	4831703	0.50981284226
chr22	0	2829728720	21221810	21221810	4955159	0.473767577697
chr22	21221810	2850950530	26418744	5196934	4955160	0.480963590854
chr22	26418744	2856147464	31382613	4963869	4955159	0.458266139471
chr22	31382613	2861111333	36344345	4961732	4955160	0.445808662859
chr22	36344345	2866073065	41307882	4963537	4955159	0.492735123064
chr22	41307882	2871036602	46276020	4968138	4955160	0.496730365891
chr22	46276020	2876004740	51304566	5028546	4955160	0.511046656665
chrX	0	2881033286	5127479	5127479	4929285	0.441810675281
chrX	5127479	2886160765	10072664	4945185	4929286	0.404457480378
chrX	10072664	2891105950	15024970	4952306	4929286	0.39694078789
chrX	15024970	2896058256	19975121	4950151	4929285	0.414884348019
chrX	19975121	2901008407	24919394	4944273	4929286	0.395284445141
chrX	24919394	2905952680	29864595	4945201	4929286	0.367801685795
chrX	29864595	2910897881	34806992	4942397	4929286	0.369839424134
chrX	34806992	2915840278	39750599	4943607	4929285	0.391384354573
chrX	39750599	2920783885	44694305	4943706	4929286	0.412460040116
chrX	44694305	2925727591	49793257	5098952	4929286	0.430299028274
chrX	49793257	2930826543	55148634	5355377	4929286	0.417416136876
chrX	55148634	2936181920	60149544	5000910	4929285	0.393835344132
chrX	60149544	2941182830	65161981	5012437	4929286	0.393095517175
chrX	65161981	2946195267	70121523	4959542	4929286	0.406638997456
chrX	70121523	2951154809	75233636	5112113	4929286	0.411390588827
chrX	75233636	2956266922	80192131	4958495	4929285	0.379181855464
chrX	80192131	2961225417	85147070	4954939	4929286	0.363517143796
chrX	85147070	2966180356	90098976	4951906	4929286	0.358927306404
chrX	90098976	2971132262	95040583	4941607	4929286	0.361169813314
chrX	95040583	2976073869	99997253	4956670	4929285	0.372099263377
chrX	99997253	2981030539	105084554	5087301	4929286	0.399446425739
chrX	105084554	2986117840	110047497	4962943	4929286	0.39287318316
chrX	110047497	2991080783	115038435	4990938	4929286	0.383898205605
chrX	115038435	2996071721	120024382	4985947	4929285	0.40023749183
chrX	120024382	3001057668	125020503	4996121	4929286	0.378400409903
chrX	125020503	3006053789	129971260	4950757	4929286	0.383501802451
chrX	129971260	3011004546	135017367	5046107	4929286	0.404065587961
chrX	135017367	3016050653	139960439	4943072	4929285	0.396339201072
chrX	139960439	3020993725	145008691	5048252	4929286	0.375342069451
chrX	145008691	3026041977	150030182	5021491	4929286	0.396764762238
chrX	150030182	3031063468	155270560	5240378	4929286	0.446215807762
chrY	0	3036303846	7290406	7290406	4506452	0.410051389546
chrY	7290406	3043594252	12047648	4757242	4506452	0.409949273216
chrY	12047648	3048351494	16640055	4592407	4506452	0.400181458092
chrY	16640055	3052943901	21855023	5214968	4506452	0.386336609893
chrY	21855023	3058158869	59373566	37518543	4506453	0.395082097763
