bin.chrom	bin.start.chrompos	bin.start.abspos	bin.end.chrompos	bin.length	mappable.positions	gc.content
chr1	0	0	3213585	3213585	2930491	0.545511749785
chr1	3213585	3213585	6147464	2933879	2930492	0.49966072544
chr1	6147464	6147464	9080305	2932841	2930492	0.478047069004
chr1	9080305	9080305	12012241	2931936	2930492	0.493654708933
chr1	12012241	12012241	15236348	3224107	2930491	0.455710425782
chr1	15236348	15236348	18201807	2965459	2930492	0.49712138149
chr1	18201807	18201807	21133427	2931620	2930492	0.482824525126
chr1	21133427	21133427	24071508	2938081	2930492	0.474775559438
chr1	24071508	24071508	27021562	2950054	2930491	0.475174369571
chr1	27021562	27021562	29955213	2933651	2930492	0.472064794903
chr1	29955213	29955213	32890595	2935382	2930492	0.477306843807
chr1	32890595	32890595	35829684	2939089	2930492	0.451697140374
chr1	35829684	35829684	38761059	2931375	2930491	0.469056692469
chr1	38761059	38761059	41703499	2942440	2930492	0.444779540259
chr1	41703499	41703499	44640018	2936519	2930492	0.45840400937
chr1	44640018	44640018	47584936	2944918	2930492	0.446553726417
chr1	47584936	47584936	50526901	2941965	2930491	0.417316713614
chr1	50526901	50526901	53460489	2933588	2930492	0.412295515052
chr1	53460489	53460489	56392853	2932364	2930492	0.458366725027
chr1	56392853	56392853	59334118	2941265	2930492	0.407649492549
chr1	59334118	59334118	62272273	2938155	2930492	0.398101258714
chr1	62272273	62272273	65207505	2935232	2930491	0.404561612464
chr1	65207505	65207505	68150844	2943339	2930492	0.392830120601
chr1	68150844	68150844	71091321	2940477	2930492	0.377923120689
chr1	71091321	71091321	74032397	2941076	2930492	0.356451614
chr1	74032397	74032397	76971269	2938872	2930491	0.371893793337
chr1	76971269	76971269	79909693	2938424	2930492	0.376883746604
chr1	79909693	79909693	82851101	2941408	2930492	0.360560411503
chr1	82851101	82851101	85793966	2942865	2930492	0.378970235488
chr1	85793966	85793966	88741493	2947527	2930491	0.384371451477
chr1	88741493	88741493	91682604	2941111	2930492	0.390086338063
chr1	91682604	91682604	94620668	2938064	2930492	0.404420118541
chr1	94620668	94620668	97557170	2936502	2930492	0.387044253984
chr1	97557170	97557170	100493573	2936403	2930491	0.364139483484
chr1	100493573	100493573	103428217	2934644	2930492	0.367882190901
chr1	103428217	103428217	106546077	3117860	2930492	0.347410998278
chr1	106546077	106546077	109555791	3009714	2930492	0.378301806549
chr1	109555791	109555791	112495486	2939695	2930491	0.442190470651
chr1	112495486	112495486	115438591	2943105	2930492	0.41656453537
chr1	115438591	115438591	118376926	2938335	2930492	0.418125626843
chr1	118376926	118376926	121407688	3030762	2930492	0.397699702271
chr1	121407688	121407688	124371560	2963872	2930492	0.426292975935
chr1	124371560	124371560	127302051	2930491	2930491	0.0
chr1	127302051	127302051	130232543	2930492	2930492	0.0
chr1	130232543	130232543	133163035	2930492	2930492	0.0
chr1	133163035	133163035	136093527	2930492	2930492	0.0
chr1	136093527	136093527	139024018	2930491	2930491	0.0
chr1	139024018	139024018	141954510	2930492	2930492	0.0
chr1	141954510	141954510	145243221	3288711	2930492	0.408386705615
chr1	145243221	145243221	148995200	3751979	2930492	0.419572190182
chr1	148995200	148995200	152094998	3099798	2930491	0.440463207193
chr1	152094998	152094998	155036138	2941140	2930492	0.448450975845
chr1	155036138	155036138	157979119	2942981	2930492	0.46454294843
chr1	157979119	157979119	160919179	2940060	2930492	0.412707963301
chr1	160919179	160919179	163903727	2984548	2930491	0.413509239249
chr1	163903727	163903727	166844137	2940410	2930492	0.404842246597
chr1	166844137	166844137	169779056	2934919	2930492	0.404497429403
chr1	169779056	169779056	172716371	2937315	2930492	0.384451865427
chr1	172716371	172716371	175664918	2948547	2930491	0.398872801503
chr1	175664918	175664918	178605404	2940486	2930492	0.401613949793
chr1	178605404	178605404	181547817	2942413	2930492	0.415200099238
chr1	181547817	181547817	184481167	2933350	2930492	0.413247029337
chr1	184481167	184481167	187426727	2945560	2930492	0.374087525572
chr1	187426727	187426727	190366249	2939522	2930491	0.34361821846
chr1	190366249	190366249	193302683	2936434	2930492	0.350967976145
chr1	193302683	193302683	196245476	2942793	2930492	0.348870036819
chr1	196245476	196245476	199197302	2951826	2930492	0.357559790069
chr1	199197302	199197302	202130831	2933529	2930491	0.435575420884
chr1	202130831	202130831	205063635	2932804	2930492	0.464736501494
chr1	205063635	205063635	208024541	2960906	2930492	0.438958806543
chr1	208024541	208024541	210960783	2936242	2930492	0.421090004782
chr1	210960783	210960783	213895968	2935185	2930491	0.41917533704
chr1	213895968	213895968	216829495	2933527	2930492	0.382449602509
chr1	216829495	216829495	219768560	2939065	2930492	0.378791636938
chr1	219768560	219768560	222708094	2939534	2930492	0.399242941743
chr1	222708094	222708094	225654966	2946872	2930491	0.418862194213
chr1	225654966	225654966	228594165	2939199	2930492	0.457564487764
chr1	228594165	228594165	231560082	2965917	2930492	0.445519584318
chr1	231560082	231560082	234494392	2934310	2930492	0.412756039576
chr1	234494392	234494392	237435500	2941108	2930491	0.429235829837
chr1	237435500	237435500	240371174	2935674	2930492	0.378991073947
chr1	240371174	240371174	243316704	2945530	2930492	0.401881222136
chr1	243316704	243316704	246252820	2936116	2930492	0.417491395101
chr1	246252820	246252820	249250621	2997801	2930492	0.406475857019
chr2	0	249250621	2967054	2967054	2938908	0.451430409164
chr2	2967054	252217675	5916685	2949631	2938909	0.417762256696
chr2	5916685	255167306	8857219	2940534	2938909	0.417792198429
chr2	8857219	258107840	11802250	2945031	2938908	0.456134107835
chr2	11802250	261052871	14747466	2945216	2938909	0.385708969591
chr2	14747466	263998087	17694624	2947158	2938909	0.410051222577
chr2	17694624	266945245	20658608	2963984	2938908	0.407995516848
chr2	20658608	269909229	23603528	2944920	2938909	0.400166511297
chr2	23603528	272854149	26544826	2941298	2938909	0.440968959304
chr2	26544826	275795447	29486911	2942085	2938908	0.451923073655
chr2	29486911	278737532	32432280	2945369	2938909	0.424185842427
chr2	32432280	281682901	35377271	2944991	2938909	0.388302656513
chr2	35377271	284627892	38324523	2947252	2938908	0.387349037443
chr2	38324523	287575144	41265954	2941431	2938909	0.392024227647
chr2	41265954	290516575	44214118	2948164	2938909	0.417864190822
chr2	44214118	293464739	47159658	2945540	2938908	0.423679241376
chr2	47159658	296410279	50101924	2942266	2938909	0.41217897214
chr2	50101924	299352545	53043815	2941891	2938909	0.356727793975
chr2	53043815	302294436	55986772	2942957	2938908	0.394091117138
chr2	55986772	305237393	58936879	2950107	2938909	0.366041051365
chr2	58936879	308187500	61882536	2945657	2938909	0.401889017025
chr2	61882536	311133157	64826356	2943820	2938908	0.39973612535
chr2	64826356	314076977	67772923	2946567	2938909	0.406962131211
chr2	67772923	317023544	70714886	2941963	2938909	0.413803359319
chr2	70714886	319965507	73665935	2951049	2938908	0.436655618625
chr2	73665935	322916556	76630068	2964133	2938909	0.414950736049
chr2	76630068	325880689	79583220	2953152	2938909	0.358656202826
chr2	79583220	328833841	82525896	2942676	2938908	0.370520661792
chr2	82525896	331776517	85472980	2947084	2938909	0.377552606202
chr2	85472980	334723601	88701535	3228555	2938909	0.43765394171
chr2	88701535	337952156	91887223	3185688	2938908	0.41451298994
chr2	91887223	341137844	94874358	2987135	2938909	0.406138298527
chr2	94874358	344124979	97945635	3071277	2938909	0.44937708678
chr2	97945635	347196256	100983913	3038278	2938908	0.420489224166
chr2	100983913	350234534	103929039	2945126	2938909	0.41869385643
chr2	103929039	353179660	106876734	2947695	2938909	0.402468774776
chr2	106876734	356127355	109879606	3002872	2938908	0.406044342853
chr2	109879606	359130227	113300641	3421035	2938909	0.43571877963
chr2	113300641	362551262	116248086	2947445	2938909	0.405240535284
chr2	116248086	365498707	119200943	2952857	2938908	0.37844001356
chr2	119200943	368451564	122145820	2944877	2938909	0.456411282093
chr2	122145820	371396441	125096995	2951175	2938909	0.387346133424
chr2	125096995	374347616	128047390	2950395	2938908	0.397878997301
chr2	128047390	377298011	131022861	2975471	2938909	0.445685778362
chr2	131022861	380273482	134100380	3077519	2938909	0.423062588363
chr2	134100380	383351001	137053169	2952789	2938908	0.410878385907
chr2	137053169	386303790	139996919	2943750	2938909	0.380237873299
chr2	139996919	389247540	142940147	2943228	2938909	0.3521185908
chr2	142940147	392190768	145888916	2948769	2938908	0.368804156037
chr2	145888916	395139537	148832725	2943809	2938909	0.363131328744
chr2	148832725	398083346	151782446	2949721	2938909	0.38677829389
chr2	151782446	401033067	154747790	2965344	2938908	0.387881211838
chr2	154747790	403998411	157695244	2947454	2938909	0.356340518739
chr2	157695244	406945865	160648994	2953750	2938909	0.389007946503
chr2	160648994	409899615	163596004	2947010	2938908	0.375822019048
chr2	163596004	412846625	166541857	2945853	2938909	0.361525261766
chr2	166541857	415792478	169493592	2951735	2938909	0.372267244677
chr2	169493592	418744213	172439056	2945464	2938908	0.397998483092
chr2	172439056	421689677	175390590	2951534	2938909	0.407569821273
chr2	175390590	424641211	178340052	2949462	2938909	0.397406783063
chr2	178340052	427590673	181292254	2952202	2938908	0.378827818132
chr2	181292254	430542875	184242325	2950071	2938909	0.368389527988
chr2	184242325	433492946	187192064	2949739	2938909	0.34908997095
chr2	187192064	436442685	190138699	2946635	2938908	0.358686190393
chr2	190138699	439389320	193080861	2942162	2938909	0.383908578856
chr2	193080861	442331482	196034266	2953405	2938909	0.342955102361
chr2	196034266	445284887	198989274	2955008	2938908	0.387625422587
chr2	198989274	448239895	201931109	2941835	2938909	0.386958216924
chr2	201931109	451181730	204873791	2942682	2938909	0.409798333766
chr2	204873791	454124412	207821030	2947239	2938908	0.397223029946
chr2	207821030	457071651	210770419	2949389	2938909	0.38960415896
chr2	210770419	460021040	213714765	2944346	2938909	0.358785714189
chr2	213714765	462965386	216661426	2946661	2938908	0.371547747401
chr2	216661426	465912047	219602789	2941363	2938909	0.444991016076
chr2	219602789	468853410	222545277	2942488	2938909	0.428910208701
chr2	222545277	471795898	225490081	2944804	2938908	0.401911025718
chr2	225490081	474740702	228434691	2944610	2938909	0.386013844948
chr2	228434691	477685312	231382637	2947946	2938909	0.397346221847
chr2	231382637	480633258	234336882	2954245	2938908	0.462973018479
chr2	234336882	483587503	237283292	2946410	2938909	0.449409994257
chr2	237283292	486533913	240229580	2946288	2938909	0.469688199733
chr2	240229580	489480201	243199373	2969793	2938909	0.508005077659
chr3	0	492449994	3013269	3013269	2944791	0.370814937065
chr3	3013269	495463263	5972507	2959238	2944792	0.403706357038
chr3	5972507	498422501	8925206	2952699	2944791	0.391107667183
chr3	8925206	501375200	11872709	2947503	2944792	0.460780558472
chr3	11872709	504322703	14821236	2948527	2944792	0.472328405113
chr3	14821236	507271230	17771818	2950582	2944791	0.410492295762
chr3	17771818	510221812	20728557	2956739	2944792	0.378228258748
chr3	20728557	513178551	23686130	2957573	2944792	0.371087123742
chr3	23686130	516136124	26642535	2956405	2944791	0.389295181617
chr3	26642535	519092529	29598955	2956420	2944792	0.380297873578
chr3	29598955	522048949	32546545	2947590	2944792	0.394347318082
chr3	32546545	524996539	35499304	2952759	2944791	0.393190644282
chr3	35499304	527949298	38449311	2950007	2944792	0.408283500152
chr3	38449311	530899305	41401911	2952600	2944792	0.420086757375
chr3	41401911	533851905	44358600	2956689	2944791	0.423853219697
chr3	44358600	536808594	47310760	2952160	2944792	0.444741514863
chr3	47310760	539760754	50258823	2948063	2944792	0.480227539081
chr3	50258823	542708817	53207269	2948446	2944791	0.47315774265
chr3	53207269	545657263	56164479	2957210	2944792	0.424753112053
chr3	56164479	548614473	59117374	2952895	2944792	0.420759681086
chr3	59117374	551567368	62064753	2947379	2944791	0.396246695366
chr3	62064753	554514747	65022636	2957883	2944792	0.400427670447
chr3	65022636	557472630	67973958	2951322	2944792	0.400841153092
chr3	67973958	560423952	70922460	2948502	2944791	0.38735507905
chr3	70922460	563372454	73868602	2946142	2944792	0.423522068168
chr3	73868602	566318596	76821615	2953013	2944792	0.380251031573
chr3	76821615	569271609	79776175	2954560	2944791	0.357389690925
chr3	79776175	572226169	82731634	2955459	2944792	0.355023124988
chr3	82731634	575181628	85681174	2949540	2944792	0.341989027449
chr3	85681174	578131168	88632204	2951030	2944791	0.356882270338
chr3	88632204	581082198	91595094	2962890	2944792	0.356585930854
chr3	91595094	584045088	94543266	2948172	2944792	0.368775844702
chr3	94543266	586993260	97492797	2949531	2944791	0.349943533434
chr3	97492797	589942791	100444720	2951923	2944792	0.381561184651
chr3	100444720	592894714	103402022	2957302	2944791	0.371599605587
chr3	103402022	595852016	106351906	2949884	2944792	0.35622156246
chr3	106351906	598801900	109314298	2962392	2944792	0.383995511738
chr3	109314298	601764292	112272066	2957768	2944791	0.373304212295
chr3	112272066	604722060	115225978	2953912	2944792	0.385937776117
chr3	115225978	607675972	118179219	2953241	2944792	0.371110335316
chr3	118179219	610629213	121136229	2957010	2944791	0.394483688264
chr3	121136229	613586223	124089366	2953137	2944792	0.422634017566
chr3	124089366	616539360	127043391	2954025	2944792	0.453435598253
chr3	127043391	619493385	129991855	2948464	2944791	0.472066491525
chr3	129991855	622441849	132956659	2964804	2944792	0.388243952555
chr3	132956659	625406653	135912320	2955661	2944792	0.427200935966
chr3	135912320	628362314	138874209	2961889	2944791	0.411153887837
chr3	138874209	631324203	141825172	2950963	2944792	0.420588519349
chr3	141825172	634275166	144773632	2948460	2944792	0.380150397054
chr3	144773632	637223626	147725263	2951631	2944791	0.357383522952
chr3	147725263	640175257	150676319	2951056	2944792	0.386018844767
chr3	150676319	643126313	153626598	2950279	2944792	0.376134341102
chr3	153626598	646076592	156584633	2958035	2944791	0.387070547123
chr3	156584633	649034627	159543316	2958683	2944792	0.385053833037
chr3	159543316	651993310	162494224	2950908	2944792	0.377178226378
chr3	162494224	654944218	165450842	2956618	2944791	0.346095541531
chr3	165450842	657900836	168403932	2953090	2944792	0.357567254931
chr3	168403932	660853926	171356695	2952763	2944792	0.391784987969
chr3	171356695	663806689	174303874	2947179	2944791	0.375238914746
chr3	174303874	666753868	177259731	2955857	2944792	0.36914920502
chr3	177259731	669709725	180211766	2952035	2944792	0.384104603025
chr3	180211766	672661760	183163008	2951242	2944791	0.388451107397
chr3	183163008	675613002	186114200	2951192	2944792	0.442621189932
chr3	186114200	678564194	189070829	2956629	2944792	0.411327284331
chr3	189070829	681520823	192021173	2950344	2944791	0.370924969478
chr3	192021173	684471167	194974203	2953030	2944792	0.427882765859
chr3	194974203	687424197	198022430	3048227	2944792	0.447871782207
chr4	0	690472424	2940982	2940982	2924230	0.505923176759
chr4	2940982	693413406	5875546	2934564	2924230	0.473693895452
chr4	5875546	696347970	8811659	2936113	2924230	0.513344926117
chr4	8811659	699284083	11837243	3025584	2924230	0.431823463595
chr4	11837243	702309667	14774457	2937214	2924231	0.385086421972
chr4	14774457	705246881	17710843	2936386	2924230	0.407103216605
chr4	17710843	708183267	20645467	2934624	2924230	0.369978661676
chr4	20645467	711117891	23579581	2934114	2924230	0.378374610956
chr4	23579581	714052005	26509344	2929763	2924230	0.418414104886
chr4	26509344	716981768	29442033	2932689	2924231	0.36446662809
chr4	29442033	719914457	32369497	2927464	2924230	0.3511727722
chr4	32369497	722841921	35296269	2926772	2924230	0.345069149479
chr4	35296269	725768693	38225081	2928812	2924230	0.379150058693
chr4	38225081	728697505	41152421	2927340	2924230	0.418521295054
chr4	41152421	731624845	44083192	2930771	2924231	0.384348770785
chr4	44083192	734555616	47015609	2932417	2924230	0.35710312885
chr4	47015609	737488033	53007755	5992146	2924230	0.393450657742
chr4	53007755	743480179	55947968	2940213	2924230	0.406798822535
chr4	55947968	746420392	58883580	2935612	2924230	0.399725577
chr4	58883580	749356004	61819694	2936114	2924231	0.349808531604
chr4	61819694	752292118	64756986	2937292	2924230	0.350769109255
chr4	64756986	755229410	67691137	2934151	2924230	0.346464550417
chr4	67691137	758163561	70632841	2941704	2924230	0.36546684135
chr4	70632841	761105265	73569812	2936971	2924230	0.371923745979
chr4	73569812	764042236	76545668	2975856	2924231	0.379480155258
chr4	76545668	767018092	79480097	2934429	2924230	0.405163726801
chr4	79480097	769952521	82423558	2943461	2924230	0.368563151635
chr4	82423558	772895982	85356746	2933188	2924230	0.398539474088
chr4	85356746	775829170	88297579	2940833	2924230	0.379448693993
chr4	88297579	778770003	91231052	2933473	2924231	0.383630336035
chr4	91231052	781703476	94168915	2937863	2924230	0.350096413552
chr4	94168915	784641339	97107152	2938237	2924230	0.367694391096
chr4	97107152	787579576	100044554	2937402	2924230	0.368556044725
chr4	100044554	790516978	102978056	2933502	2924230	0.371335099594
chr4	102978056	793450480	105916353	2938297	2924231	0.368204188886
chr4	105916353	796388777	108855707	2939354	2924230	0.369314911157
chr4	108855707	799328131	111784828	2929121	2924230	0.393170583823
chr4	111784828	802257252	114723446	2938618	2924230	0.37173741416
chr4	114723446	805195870	117653737	2930291	2924230	0.3504741676
chr4	117653737	808126161	120595050	2941313	2924231	0.367792296983
chr4	120595050	811067474	123530443	2935393	2924230	0.37221702701
chr4	123530443	814002867	126464973	2934530	2924230	0.369025112011
chr4	126464973	816937397	129401991	2937018	2924230	0.368721357022
chr4	129401991	819874415	132334679	2932688	2924230	0.362517006571
chr4	132334679	822807103	135280653	2945974	2924231	0.349217712568
chr4	135280653	825753077	138216159	2935506	2924230	0.34499684552
chr4	138216159	828688583	141149681	2933522	2924230	0.39122707024
chr4	141149681	831622105	144086082	2936401	2924230	0.377847318641
chr4	144086082	834558506	147025572	2939490	2924230	0.384260953934
chr4	147025572	837497996	149958986	2933414	2924231	0.385459137061
chr4	149958986	840431410	152891016	2932030	2924230	0.382901687294
chr4	152891016	843363440	155817340	2926324	2924230	0.401670900645
chr4	155817340	846289764	158749083	2931743	2924230	0.363725358106
chr4	158749083	849221507	161683292	2934209	2924230	0.374691526956
chr4	161683292	852155716	164614427	2931135	2924231	0.353215151663
chr4	164614427	855086851	167558411	2943984	2924230	0.371299659713
chr4	167558411	858030835	170495641	2937230	2924230	0.372347162226
chr4	170495641	860968065	173426799	2931158	2924230	0.365407210797
chr4	173426799	863899223	176356610	2929811	2924230	0.37307193326
chr4	176356610	866829034	179285684	2929074	2924231	0.36549990509
chr4	179285684	869758108	182216310	2930626	2924230	0.359444119144
chr4	182216310	872688734	185149374	2933064	2924230	0.408087305229
chr4	185149374	875621798	188081565	2932191	2924230	0.419393266405
chr4	188081565	878553989	191154276	3072711	2924231	0.403248105115
chr5	0	881626700	2983222	2983222	2931882	0.502234947653
chr5	2983222	884609922	5921520	2938298	2931882	0.420351223497
chr5	5921520	887548220	8863660	2942140	2931882	0.412004247246
chr5	8863660	890490360	11800633	2936973	2931882	0.413032797351
chr5	11800633	893427333	14740017	2939384	2931882	0.38519643218
chr5	14740017	896366717	17753272	3013255	2931882	0.411715892344
chr5	17753272	899379972	20691519	2938247	2931883	0.353880831747
chr5	20691519	902318219	23663432	2971913	2931882	0.354951941761
chr5	23663432	905290132	26603207	2939775	2931882	0.35104329342
chr5	26603207	908229907	29544311	2941104	2931882	0.346519302602
chr5	29544311	911171011	32480945	2936634	2931882	0.387623117063
chr5	32480945	914107645	35452515	2971570	2931882	0.400280390312
chr5	35452515	917079215	38391912	2939397	2931882	0.395452607829
chr5	38391912	920018612	41333328	2941416	2931883	0.384513863722
chr5	41333328	922960028	44276753	2943425	2931882	0.386830385126
chr5	44276753	925903453	47216222	2939469	2931882	0.360564125232
chr5	47216222	928842922	50166341	2950119	2931882	0.370470959719
chr5	50166341	931793041	53106208	2939867	2931882	0.366028214182
chr5	53106208	934732908	56044015	2937807	2931882	0.405031096303
chr5	56044015	937670715	58989290	2945275	2931882	0.386173524595
chr5	58989290	940615990	61924926	2935636	2931883	0.389939086495
chr5	61924926	943551626	64874181	2949255	2931882	0.373316058926
chr5	64874181	946500881	67813954	2939773	2931882	0.392934493286
chr5	67813954	949440654	71913514	4099560	2931882	0.398411586408
chr5	71913514	953540214	74848757	2935243	2931882	0.402721408264
chr5	74848757	956475457	77790357	2941600	2931882	0.401140263027
chr5	77790357	959417057	80733492	2943135	2931882	0.409509988832
chr5	80733492	962360192	83681467	2947975	2931883	0.373779374805
chr5	83681467	965308167	86621859	2940392	2931882	0.351782448203
chr5	86621859	968248559	89559698	2937839	2931882	0.36384372061
chr5	89559698	971186398	92500438	2940740	2931882	0.36329392246
chr5	92500438	974127138	95439390	2938952	2931882	0.37613518279
chr5	95439390	977066090	98381743	2942353	2931882	0.377706632952
chr5	98381743	980008443	101355508	2973765	2931883	0.355148873466
chr5	101355508	982982208	104306962	2951454	2931882	0.360176130019
chr5	104306962	985933662	107246880	2939918	2931882	0.354816797736
chr5	107246880	988873580	110188554	2941674	2931882	0.37254680665
chr5	110188554	991815254	113128788	2940234	2931882	0.391608020581
chr5	113128788	994755488	116066796	2938008	2931882	0.384915640178
chr5	116066796	997693496	119005167	2938371	2931882	0.372958436523
chr5	119005167	1000631867	121951238	2946071	2931883	0.362529373848
chr5	121951238	1003577938	124889366	2938128	2931882	0.38454084741
chr5	124889366	1006516066	127831074	2941708	2931882	0.38775678092
chr5	127831074	1009457774	130771765	2940691	2931882	0.370172268918
chr5	130771765	1012398465	133714390	2942625	2931882	0.439967077037
chr5	133714390	1015341090	136653392	2939002	2931882	0.435100462606
chr5	136653392	1018280092	139590822	2937430	2931882	0.448014706494
chr5	139590822	1021217522	142528525	2937703	2931883	0.435904898552
chr5	142528525	1024155225	145471695	2943170	2931882	0.384236123475
chr5	145471695	1027098395	148419907	2948212	2931882	0.391374913761
chr5	148419907	1030046607	151354363	2934456	2931882	0.45574514953
chr5	151354363	1032981063	154308938	2954575	2931882	0.408639544679
chr5	154308938	1035935638	157251610	2942672	2931882	0.403017761421
chr5	157251610	1038878310	160190024	2938414	2931882	0.416753107797
chr5	160190024	1041816724	163130262	2940238	2931883	0.370076252279
chr5	163130262	1044756962	166066845	2936583	2931882	0.36258987906
chr5	166066845	1047693545	169006734	2939889	2931882	0.414980011164
chr5	169006734	1050633434	171945144	2938410	2931882	0.439520394009
chr5	171945144	1053571844	174885987	2940843	2931882	0.448092640041
chr5	174885987	1056512687	177939231	3053244	2931882	0.480325856482
chr5	177939231	1059565931	180915260	2976029	2931883	0.472346874442
chr6	0	1062541960	3028610	3028610	2937578	0.431159073668
chr6	3028610	1065570570	5974888	2946278	2937578	0.435613383657
chr6	5974888	1068516848	8922662	2947774	2937578	0.418472774051
chr6	8922662	1071464622	11865653	2942991	2937578	0.40178213132
chr6	11865653	1074407613	14805016	2939363	2937578	0.414716443858
chr6	14805016	1077346976	17746320	2941304	2937579	0.424786472404
chr6	17746320	1080288280	20692781	2946461	2937578	0.398424144474
chr6	20692781	1083234741	23635077	2942296	2937578	0.388632286736
chr6	23635077	1086177037	26581856	2946779	2937578	0.402933573957
chr6	26581856	1089123816	29565704	2983848	2937578	0.403866481224
chr6	29565704	1092107664	32539734	2974030	2937579	0.466146631913
chr6	32539734	1095081694	35480655	2940921	2937578	0.473219802083
chr6	35480655	1098022615	38419841	2939186	2937578	0.448613358519
chr6	38419841	1100961801	41362673	2942832	2937578	0.435808135967
chr6	41362673	1103904633	44301877	2939204	2937578	0.481059170402
chr6	44301877	1106843837	47251274	2949397	2937579	0.401589611985
chr6	47251274	1109793234	50196596	2945322	2937578	0.364373834593
chr6	50196596	1112738556	53144886	2948290	2937578	0.394046790481
chr6	53144886	1115686846	56087944	2943058	2937578	0.367619076743
chr6	56087944	1118629904	59060521	2972577	2937578	0.37962238615
chr6	59060521	1121602481	61998293	2937772	2937578	0.367403431841
chr6	61998293	1124540253	64945190	2946897	2937579	0.364148353118
chr6	64945190	1127487150	67889936	2944746	2937578	0.345447216536
chr6	67889936	1130431896	70838695	2948759	2937578	0.352945525256
chr6	70838695	1133380655	73789181	2950486	2937578	0.373550409288
chr6	73789181	1136331141	76734893	2945712	2937578	0.385870454498
chr6	76734893	1139276853	79682800	2947907	2937579	0.365847114005
chr6	79682800	1142224760	82631337	2948537	2937578	0.367565089015
chr6	82631337	1145173297	85584145	2952808	2937578	0.379278382287
chr6	85584145	1148126105	88537368	2953223	2937578	0.390832395093
chr6	88537368	1151079328	91483508	2946140	2937578	0.402990758762
chr6	91483508	1154025468	94425507	2941999	2937579	0.356140599544
chr6	94425507	1156967467	97378839	2953332	2937578	0.354159368809
chr6	97378839	1159920799	100324963	2946124	2937578	0.373929017293
chr6	100324963	1162866923	103272462	2947499	2937578	0.353832280294
chr6	103272462	1165814422	106224146	2951684	2937578	0.369795093381
chr6	106224146	1168766106	109167741	2943595	2937579	0.41642487066
chr6	109167741	1171709701	112110647	2942906	2937578	0.408178916908
chr6	112110647	1174652607	115064640	2953993	2937578	0.378272136547
chr6	115064640	1177606600	118017118	2952478	2937578	0.370207544237
chr6	118017118	1180559078	120957889	2940771	2937578	0.374668837071
chr6	120957889	1183499849	123906344	2948455	2937578	0.36529717069
chr6	123906344	1186448304	126854263	2947919	2937579	0.373309868209
chr6	126854263	1189396223	129803159	2948896	2937578	0.361738859737
chr6	129803159	1192345119	132743343	2940184	2937578	0.3841474655
chr6	132743343	1195285303	135692297	2948954	2937578	0.390591110888
chr6	135692297	1198234257	138634074	2941777	2937578	0.394331457258
chr6	138634074	1201176034	141575054	2940980	2937579	0.381381116919
chr6	141575054	1204117014	144521728	2946674	2937578	0.379876511703
chr6	144521728	1207063688	147465615	2943887	2937578	0.376579415868
chr6	147465615	1210007575	150407829	2942214	2937578	0.410080021317
chr6	150407829	1212949789	153350546	2942717	2937578	0.409090708287
chr6	153350546	1215892506	156289484	2938938	2937579	0.390095408549
chr6	156289484	1218831444	159238890	2949406	2937578	0.430803872243
chr6	159238890	1221780850	162207994	2969104	2937578	0.425288959033
chr6	162207994	1224749954	165153126	2945132	2937578	0.398785590061
chr6	165153126	1227695086	168105900	2952774	2937578	0.431544572725
chr6	168105900	1230647860	171115067	3009167	2937579	0.458390131238
chr7	0	1233657027	2984480	2984480	2963901	0.548299493722
chr7	2984480	1236641507	5968193	2983713	2963902	0.468467330157
chr7	5968193	1239625220	8977571	3009378	2963902	0.415026350943
chr7	8977571	1242634598	11948639	2971068	2963902	0.35689263464
chr7	11948639	1245605666	14923076	2974437	2963902	0.359618065793
chr7	14923076	1248580103	17892725	2969649	2963902	0.3666013279
chr7	17892725	1251549752	20863388	2970663	2963902	0.366512211912
chr7	20863388	1254520415	23834715	2971327	2963902	0.401152817477
chr7	23834715	1257491742	26810329	2975614	2963902	0.408845765045
chr7	26810329	1260467356	29779854	2969525	2963902	0.409985496007
chr7	29779854	1263436881	32762163	2982309	2963901	0.42057183171
chr7	32762163	1266419190	35748477	2986314	2963902	0.398471896477
chr7	35748477	1269405504	38720804	2972327	2963902	0.405614250643
chr7	38720804	1272377831	41689854	2969050	2963902	0.395304629222
chr7	41689854	1275346881	44668305	2978451	2963902	0.429165409023
chr7	44668305	1278325332	47640252	2971947	2963902	0.432180700274
chr7	47640252	1281297279	50616012	2975760	2963902	0.395269098789
chr7	50616012	1284273039	53586657	2970645	2963902	0.396479285489
chr7	53586657	1287243684	56572026	2985369	2963902	0.410515476971
chr7	56572026	1290229053	59625747	3053721	2963902	0.427941329253
chr7	59625747	1293282774	62851200	3225453	2963902	0.379599854966
chr7	62851200	1296508227	66023937	3172737	2963901	0.426911889065
chr7	66023937	1299680964	69000543	2976606	2963902	0.440192662252
chr7	69000543	1302657570	71970032	2969489	2963902	0.427474270843
chr7	71970032	1305627059	75492076	3522044	2963902	0.485484927331
chr7	75492076	1309149103	78534109	3042033	2963902	0.415734204242
chr7	78534109	1312191136	81503276	2969167	2963902	0.359154362719
chr7	81503276	1315160303	84475135	2971859	2963902	0.349625705913
chr7	84475135	1318132162	87447314	2972179	2963902	0.358855668615
chr7	87447314	1321104341	90421599	2974285	2963902	0.366376546715
chr7	90421599	1324078626	93393810	2972211	2963902	0.380030637104
chr7	93393810	1327050837	96366292	2972482	2963901	0.376420192674
chr7	96366292	1330023319	99341105	2974813	2963902	0.439343959204
chr7	99341105	1332998132	102435141	3094036	2963902	0.496878159865
chr7	102435141	1336092168	105408362	2973221	2963902	0.399951500442
chr7	105408362	1339065389	108376789	2968427	2963902	0.400255825556
chr7	108376789	1342033816	111358912	2982123	2963902	0.362037473278
chr7	111358912	1345015939	114340459	2981547	2963902	0.369829239768
chr7	114340459	1347997486	117312309	2971850	2963902	0.370453508452
chr7	117312309	1350969336	120281530	2969221	2963902	0.354137092431
chr7	120281530	1353938557	123252632	2971102	2963902	0.368650171788
chr7	123252632	1356909659	126221017	2968385	2963902	0.358855499637
chr7	126221017	1359878044	129190016	2968999	2963901	0.427189819067
chr7	129190016	1362847043	132158285	2968269	2963902	0.43505442826
chr7	132158285	1365815312	135125957	2967672	2963902	0.405857584088
chr7	135125957	1368782984	138099714	2973757	2963902	0.391631937894
chr7	138099714	1371756741	141070943	2971229	2963902	0.435217740904
chr7	141070943	1374727970	144219408	3148465	2963902	0.412399069258
chr7	144219408	1377876435	147192688	2973280	2963902	0.363282056663
chr7	147192688	1380849715	150191202	2998514	2963902	0.435601144033
chr7	150191202	1383848229	153164045	2972843	2963902	0.453454519156
chr7	153164045	1386821072	156153547	2989502	2963902	0.449981034807
chr7	156153547	1389810574	159138663	2985116	2963901	0.473671119489
chr8	0	1392795690	3002927	3002927	2962211	0.452065518427
chr8	3002927	1395798617	5967010	2964083	2962211	0.383022754071
chr8	5967010	1398762700	9320145	3353135	2962211	0.439019029486
chr8	9320145	1402115835	12424518	3104373	2962211	0.443481890731
chr8	12424518	1405220208	15396373	2971855	2962211	0.375619688296
chr8	15396373	1408192063	18366008	2969635	2962211	0.379760556593
chr8	18366008	1411161698	21332179	2966171	2962211	0.420969039904
chr8	21332179	1414127869	24297959	2965780	2962211	0.452850209489
chr8	24297959	1417093649	27270772	2972813	2962211	0.411775034773
chr8	27270772	1420066462	30238250	2967478	2962211	0.431549665036
chr8	30238250	1423033940	33206325	2968075	2962211	0.387862915955
chr8	33206325	1426002015	36175434	2969109	2962211	0.389188211556
chr8	36175434	1428971124	39143039	2967605	2962211	0.426055404236
chr8	39143039	1431938729	42111780	2968741	2962211	0.414420850845
chr8	42111780	1434907470	45089289	2977509	2962211	0.416456874729
chr8	45089289	1437884979	48065919	2976630	2962211	0.432727210493
chr8	48065919	1440861609	51034399	2968480	2962212	0.40263185779
chr8	51034399	1443830089	54000077	2965678	2962211	0.379635024682
chr8	54000077	1446795767	56967148	2967071	2962211	0.405031490631
chr8	56967148	1449762838	59940063	2972915	2962211	0.391593845371
chr8	59940063	1452735753	62909979	2969916	2962211	0.387232913501
chr8	62909979	1455705669	65879237	2969258	2962211	0.374823019877
chr8	65879237	1458674927	68848681	2969444	2962211	0.398632943653
chr8	68848681	1461644371	71820545	2971864	2962211	0.386332694677
chr8	71820545	1464616235	74794341	2973796	2962211	0.389233902235
chr8	74794341	1467590031	77771413	2977072	2962211	0.367126917235
chr8	77771413	1470567103	80739773	2968360	2962211	0.358742970029
chr8	80739773	1473535463	83708966	2969193	2962211	0.383415033368
chr8	83708966	1476504656	86692854	2983888	2962211	0.36020646657
chr8	86692854	1479488544	89760194	3067340	2962211	0.369739051898
chr8	89760194	1482555884	92737758	2977564	2962211	0.368659166581
chr8	92737758	1485533448	95709319	2971561	2962211	0.388309451962
chr8	95709319	1488505009	98685366	2976047	2962212	0.406270528476
chr8	98685366	1491481056	101659387	2974021	2962211	0.397389663765
chr8	101659387	1494455077	104627828	2968441	2962211	0.419960565185
chr8	104627828	1497423518	107598979	2971151	2962211	0.369143898009
chr8	107598979	1500394669	110565816	2966837	2962211	0.37200636772
chr8	110565816	1503361506	113532004	2966188	2962211	0.34972810238
chr8	113532004	1506327694	116507714	2975710	2962211	0.346287207902
chr8	116507714	1509303404	119472423	2964709	2962211	0.386104750176
chr8	119472423	1512268113	122444842	2972419	2962211	0.387825277779
chr8	122444842	1515240532	125412858	2968016	2962211	0.408551093693
chr8	125412858	1518208548	128387713	2974855	2962211	0.410675202203
chr8	128387713	1521183403	131363496	2975783	2962211	0.408790285589
chr8	131363496	1524159186	134332226	2968730	2962211	0.413752403383
chr8	134332226	1527127916	137308169	2975943	2962211	0.423537397365
chr8	137308169	1530103859	140277796	2969627	2962211	0.39945360178
chr8	140277796	1533073486	143265471	2987675	2962211	0.490655371574
chr8	143265471	1536061161	146364022	3098551	2962212	0.548316653917
chr9	0	1539159712	2975264	2975264	2939138	0.407763080951
chr9	2975264	1542134976	5922789	2947525	2939138	0.392143990539
chr9	5922789	1545082501	8867707	2944918	2939138	0.393696942532
chr9	8867707	1548027419	11812674	2944967	2939138	0.351467876232
chr9	11812674	1550972386	14758569	2945895	2939138	0.369183308174
chr9	14758569	1553918281	17704719	2946150	2939138	0.3941629624
chr9	17704719	1556864431	20653232	2948513	2939138	0.394618986168
chr9	20653232	1559812944	23601935	2948703	2939138	0.371973798668
chr9	23601935	1562761647	26546739	2944804	2939138	0.361693775413
chr9	26546739	1565706451	29494170	2947431	2939138	0.374715557572
chr9	29494170	1568653882	32440306	2946136	2939138	0.355760660227
chr9	32440306	1571600018	35389825	2949519	2939139	0.439613415195
chr9	35389825	1574549537	38331755	2941930	2939138	0.446128938398
chr9	38331755	1577491467	43225312	4893557	2939138	0.398297926079
chr9	43225312	1582385024	47618722	4393410	2939138	0.40229480061
chr9	47618722	1586778434	50557860	2939138	2939138	0.0
chr9	50557860	1589717572	53496998	2939138	2939138	0.0
chr9	53496998	1592656710	56436136	2939138	2939138	0.0
chr9	56436136	1595595848	59375274	2939138	2939138	0.0
chr9	59375274	1598534986	62314412	2939138	2939138	0.0
chr9	62314412	1601474124	65253550	2939138	2939138	0.0
chr9	65253550	1604413262	69725563	4472013	2939138	0.395302966402
chr9	69725563	1608885275	73274499	3548936	2939139	0.402755915933
chr9	73274499	1612434211	76235708	2961209	2939138	0.381796839199
chr9	76235708	1615395420	79182066	2946358	2939138	0.384593532359
chr9	79182066	1618341778	82129346	2947280	2939138	0.39695760365
chr9	82129346	1621289058	85091675	2962329	2939138	0.386765017144
chr9	85091675	1624251387	88042443	2950768	2939138	0.403667517292
chr9	88042443	1627202155	91002615	2960172	2939138	0.419587497221
chr9	91002615	1630162327	93947564	2944949	2939138	0.434463557965
chr9	93947564	1633107276	96899122	2951558	2939138	0.445394977571
chr9	96899122	1636058834	99874427	2975305	2939138	0.431533955992
chr9	99874427	1639034139	102819951	2945524	2939138	0.43261814698
chr9	102819951	1641979663	105771542	2951591	2939138	0.374616690038
chr9	105771542	1644931254	108719210	2947668	2939139	0.378654666228
chr9	108719210	1647878922	111665013	2945803	2939138	0.410059389539
chr9	111665013	1650824725	114616696	2951683	2939138	0.405498554216
chr9	114616696	1653776408	117592521	2975825	2939138	0.444694869695
chr9	117592521	1656752233	120536363	2943842	2939138	0.40325914009
chr9	120536363	1659696075	123484608	2948245	2939138	0.396976915435
chr9	123484608	1662644320	126428622	2944014	2939138	0.439369894729
chr9	126428622	1665588334	129373626	2945004	2939138	0.447194674646
chr9	129373626	1668533338	132313771	2940145	2939138	0.504765918167
chr9	132313771	1671473483	135254360	2940589	2939138	0.494013633671
chr9	135254360	1674414072	138204966	2950606	2939138	0.529747556374
chr9	138204966	1677364678	141213431	3008465	2939139	0.551779113503
chr10	0	1680373143	3036518	3036518	2966776	0.439056011718
chr10	3036518	1683409661	6012867	2976349	2966776	0.422500907991
chr10	6012867	1686386010	8989411	2976544	2966776	0.420490729859
chr10	8989411	1689362554	11964167	2974756	2966776	0.396355602708
chr10	11964167	1692337310	14934439	2970272	2966777	0.439498510912
chr10	14934439	1695307582	17962180	3027741	2966776	0.406226354086
chr10	17962180	1698335323	21050150	3087970	2966776	0.381978504081
chr10	21050150	1701423293	24023499	2973349	2966776	0.40424356223
chr10	24023499	1704396642	26995615	2972116	2966776	0.398943447064
chr10	26995615	1707368758	29967341	2971726	2966777	0.407663150867
chr10	29967341	1710340484	32940954	2973613	2966776	0.413967847216
chr10	32940954	1713314097	35914466	2973512	2966776	0.412746669429
chr10	35914466	1716287609	38902886	2988420	2966776	0.395598860749
chr10	38902886	1719276029	41871300	2968414	2966776	0.388053957548
chr10	41871300	1722244443	44854246	2982946	2966777	0.43511547932
chr10	44854246	1725227389	48442652	3588406	2966776	0.428211158713
chr10	48442652	1728815795	52081307	3638655	2966776	0.430255183928
chr10	52081307	1732454450	55067195	2985888	2966776	0.373044467843
chr10	55067195	1735440338	58043984	2976789	2966776	0.347791631996
chr10	58043984	1738417127	61015587	2971603	2966777	0.36543092552
chr10	61015587	1741388730	63986103	2970516	2966776	0.384866674724
chr10	63986103	1744359246	66958996	2972893	2966776	0.384118898366
chr10	66958996	1747332139	69932054	2973058	2966776	0.36566601414
chr10	69932054	1750305197	72900598	2968544	2966776	0.461861126626
chr10	72900598	1753273741	75876093	2975495	2966777	0.45241820106
chr10	75876093	1756249236	78848500	2972407	2966776	0.409839964823
chr10	78848500	1759221643	81859347	3010847	2966776	0.465365416864
chr10	81859347	1762232490	84837161	2977814	2966776	0.389869286752
chr10	84837161	1765210304	87818007	2980846	2966776	0.397303384809
chr10	87818007	1768191150	90868580	3050573	2966777	0.41227375167
chr10	90868580	1771241723	93844570	2975990	2966776	0.390878738921
chr10	93844570	1774217713	96818780	2974210	2966776	0.409923367937
chr10	96818780	1777191923	99789880	2971100	2966776	0.440378014622
chr10	99789880	1780163023	102772021	2982141	2966776	0.429406973442
chr10	102772021	1783145164	105739948	2967927	2966777	0.465526297967
chr10	105739948	1786113091	108719590	2979642	2966776	0.396424539307
chr10	108719590	1789092733	111701382	2981792	2966776	0.381347269463
chr10	111701382	1792074525	114677198	2975816	2966776	0.413061887521
chr10	114677198	1795050341	117649311	2972113	2966776	0.406724641114
chr10	117649311	1798022454	120621378	2972067	2966777	0.423151683221
chr10	120621378	1800994521	123593654	2972276	2966776	0.436676515454
chr10	123593654	1803966797	126579899	2986245	2966776	0.461501365519
chr10	126579899	1806953042	129551766	2971867	2966776	0.435460682264
chr10	129551766	1809924909	132522039	2970273	2966776	0.45263553038
chr10	132522039	1812895182	135534747	3012708	2966777	0.518464648024
chr11	0	1815907890	2994645	2994645	2917970	0.550206663068
chr11	2994645	1818902535	5982706	2988061	2917971	0.419128378485
chr11	5982706	1821890596	8914005	2931299	2917971	0.421786094297
chr11	8914005	1824821895	11835169	2921164	2917970	0.42633421038
chr11	11835169	1827743059	14760518	2925349	2917971	0.41518470775
chr11	14760518	1830668408	17685444	2924926	2917971	0.410466172159
chr11	17685444	1833593334	20609352	2923908	2917971	0.427681084575
chr11	20609352	1836517242	23537456	2928104	2917970	0.372284336701
chr11	23537456	1839445346	26466396	2928940	2917971	0.354471682949
chr11	26466396	1842374286	29394174	2927778	2917971	0.375793604711
chr11	29394174	1845302064	32321857	2927683	2917971	0.382373786797
chr11	32321857	1848229747	35245817	2923960	2917970	0.417704470852
chr11	35245817	1851153707	38175610	2929793	2917971	0.391924008335
chr11	38175610	1854083500	41099841	2924231	2917971	0.362129830284
chr11	41099841	1857007731	44026801	2926960	2917971	0.384001910513
chr11	44026801	1859934691	46948129	2921328	2917970	0.468144304135
chr11	46948129	1862856019	49891948	2943819	2917971	0.408841094618
chr11	49891948	1865799838	52862967	2971019	2917971	0.380121095883
chr11	52862967	1868770857	55813380	2950413	2917971	0.36716980424
chr11	55813380	1871721270	58741029	2927649	2917970	0.400744487646
chr11	58741029	1874648919	61694001	2952972	2917971	0.44596125804
chr11	61694001	1877601891	64619204	2925203	2917971	0.48450006068
chr11	64619204	1880527094	67540177	2920973	2917970	0.508190929399
chr11	67540177	1883448067	70462133	2921956	2917971	0.500098867524
chr11	70462133	1886370023	73385053	2922920	2917971	0.473042387036
chr11	73385053	1889292943	76310582	2925529	2917971	0.441817570896
chr11	76310582	1892218472	79235531	2924949	2917970	0.436977918604
chr11	79235531	1895143421	82159305	2923774	2917971	0.370333431836
chr11	82159305	1898067195	85085410	2926105	2917971	0.378649516234
chr11	85085410	1900993300	88017093	2931683	2917971	0.392192762221
chr11	88017093	1903924983	91049567	3032474	2917970	0.360860234343
chr11	91049567	1906957457	93986483	2936916	2917971	0.392350756814
chr11	93986483	1909894373	96916523	2930040	2917971	0.390809563309
chr11	96916523	1912824413	99841578	2925055	2917971	0.352991411791
chr11	99841578	1915749468	102770865	2929287	2917970	0.382917151568
chr11	102770865	1918678755	105694117	2923252	2917971	0.363367671779
chr11	105694117	1921602007	108621580	2927463	2917971	0.383924658365
chr11	108621580	1924529470	111550580	2929000	2917971	0.393684606566
chr11	111550580	1927458470	114472673	2922093	2917970	0.429449761216
chr11	114472673	1930380563	117398924	2926251	2917971	0.438629537501
chr11	117398924	1933306814	120319892	2920968	2917971	0.476511912139
chr11	120319892	1936227782	123245800	2925908	2917971	0.426861386714
chr11	123245800	1939153690	126172386	2926586	2917970	0.423438147085
chr11	126172386	1942080276	129098144	2925758	2917971	0.419275333589
chr11	129098144	1945006034	132020466	2922322	2917971	0.431916173566
chr11	132020466	1947928356	135006516	2986050	2917970	0.442111569484
chr12	0	1950914406	3035466	3035466	2964362	0.450407251079
chr12	3035466	1953949872	6010887	2975421	2964362	0.447241619091
chr12	6010887	1956925293	8986382	2975495	2964362	0.452600329175
chr12	8986382	1959900788	11977789	2991407	2964362	0.392284037388
chr12	11977789	1962892195	14948868	2971079	2964362	0.41513240467
chr12	14948868	1965863274	17918636	2969768	2964362	0.367937584392
chr12	17918636	1968833042	20889933	2971297	2964362	0.372163488091
chr12	20889933	1971804339	23871777	2981844	2964362	0.370425568591
chr12	23871777	1974786183	26840579	2968802	2964362	0.382353297826
chr12	26840579	1977754985	29811056	2970477	2964362	0.383366453693
chr12	29811056	1980725462	32780185	2969129	2964362	0.413438140655
chr12	32780185	1983694591	35749289	2969104	2964363	0.395372042514
chr12	35749289	1986663695	38717088	2967799	2964362	0.38587696828
chr12	38717088	1989631494	41691910	2974822	2964362	0.365639446233
chr12	41691910	1992606316	44671941	2980031	2964362	0.380206527914
chr12	44671941	1995586347	47643482	2971541	2964362	0.383533403353
chr12	47643482	1998557888	50612617	2969135	2964362	0.453495746407
chr12	50612617	2001527023	53585203	2972586	2964362	0.459236530592
chr12	53585203	2004499609	56564097	2978894	2964362	0.442349111886
chr12	56564097	2007478503	59536745	2972648	2964362	0.436212470355
chr12	59536745	2010451151	62509323	2972578	2964362	0.356909486036
chr12	62509323	2013423729	65483742	2974419	2964362	0.394899040855
chr12	65483742	2016398148	68454554	2970812	2964363	0.390675417579
chr12	68454554	2019368960	71430878	2976324	2964362	0.393577518054
chr12	71430878	2022345284	74408442	2977564	2964362	0.363653064281
chr12	74408442	2025322848	77379145	2970703	2964362	0.371932925013
chr12	77379145	2028293551	80350465	2971320	2964362	0.364202196867
chr12	80350465	2031264871	83323864	2973399	2964362	0.360376551969
chr12	83323864	2034238270	86297658	2973794	2964362	0.351601791111
chr12	86297658	2037212064	89273746	2976088	2964362	0.353522574922
chr12	89273746	2040188152	92243973	2970227	2964362	0.367168659386
chr12	92243973	2043158379	95218509	2974536	2964362	0.406069110564
chr12	95218509	2046132915	98194342	2975833	2964362	0.401317613376
chr12	98194342	2049108748	101161238	2966896	2964363	0.39225649146
chr12	101161238	2052075644	104134246	2973008	2964362	0.395082088523
chr12	104134246	2055048652	107105675	2971429	2964362	0.42099816553
chr12	107105675	2058020081	110073018	2967343	2964362	0.44518354874
chr12	110073018	2060987424	113039112	2966094	2964362	0.458023947977
chr12	113039112	2063953518	116009646	2970534	2964362	0.455598248936
chr12	116009646	2066924052	118974625	2964979	2964362	0.441812611953
chr12	118974625	2069889031	121940829	2966204	2964362	0.453742592389
chr12	121940829	2072855235	124910189	2969360	2964362	0.480265596661
chr12	124910189	2075824595	127883262	2973073	2964362	0.441032937279
chr12	127883262	2078797668	130854253	2970991	2964362	0.43781860139
chr12	130854253	2081768659	133851895	2997642	2964362	0.505492195538
chr13	0	2084766301	21934505	21934505	2902103	0.421622593461
chr13	21934505	2106700806	24840165	2905660	2902104	0.40768024636
chr13	24840165	2109606466	27749074	2908909	2902104	0.420680453957
chr13	27749074	2112515375	30659459	2910385	2902103	0.420108047486
chr13	30659459	2115425760	33568418	2908959	2902104	0.409565133393
chr13	33568418	2118334719	36476753	2908335	2902104	0.382916422684
chr13	36476753	2121243054	39386093	2909340	2902104	0.375662950592
chr13	39386093	2124152394	42298309	2912216	2902103	0.400724808376
chr13	42298309	2127064610	45209991	2911682	2902104	0.396422139216
chr13	45209991	2129976292	48120904	2910913	2902104	0.404443963496
chr13	48120904	2132887205	51034711	2913807	2902103	0.399599287393
chr13	51034711	2135801012	53978259	2943548	2902104	0.410432980585
chr13	53978259	2138744560	56883471	2905212	2902104	0.351429189037
chr13	56883471	2141649772	59821081	2937610	2902104	0.348858528628
chr13	59821081	2144587382	62729992	2908911	2902103	0.366659298508
chr13	62729992	2147496293	65653470	2923478	2902104	0.342100852409
chr13	65653470	2150419771	68562084	2908614	2902104	0.348039067378
chr13	68562084	2153328385	71466175	2904091	2902104	0.341072066218
chr13	71466175	2156232476	74373006	2906831	2902103	0.367516812971
chr13	74373006	2159139307	77287512	2914506	2902104	0.375516896848
chr13	77287512	2162053813	80194507	2906995	2902104	0.37663024764
chr13	80194507	2164960808	83105400	2910893	2902103	0.360062111481
chr13	83105400	2167871701	86013456	2908056	2902104	0.346084569152
chr13	86013456	2170779757	88921323	2907867	2902104	0.344280312082
chr13	88921323	2173687624	91827009	2905686	2902104	0.350775788729
chr13	91827009	2176593310	94739204	2912195	2902103	0.362632747716
chr13	94739204	2179505505	97646570	2907366	2902104	0.396552139254
chr13	97646570	2182412871	100555367	2908797	2902104	0.425149692364
chr13	100555367	2185321668	103462064	2906697	2902104	0.394514533497
chr13	103462064	2188228365	106368337	2906273	2902103	0.364970623909
chr13	106368337	2191134638	109279920	2911583	2902104	0.384469627368
chr13	109279920	2194046221	112186249	2906329	2902104	0.431637346194
chr13	112186249	2196952550	115169878	2983629	2902103	0.495591052327
chr14	0	2199936179	22127477	22127477	2927917	0.412824194823
chr14	22127477	2222063656	25072042	2944565	2927918	0.441020360549
chr14	25072042	2225008221	28010807	2938765	2927918	0.368083961743
chr14	28010807	2227946986	30949661	2938854	2927918	0.360405545559
chr14	30949661	2230885840	33886193	2936532	2927918	0.387008289364
chr14	33886193	2233822372	36826669	2940476	2927918	0.405493596619
chr14	36826669	2236762848	39760745	2934076	2927918	0.3841380495
chr14	39760745	2239696924	42701509	2940764	2927918	0.354053331683
chr14	42701509	2242637688	45644074	2942565	2927918	0.355594621975
chr14	45644074	2245580253	48581920	2937846	2927918	0.356913632019
chr14	48581920	2248518099	51516719	2934799	2927918	0.390835358172
chr14	51516719	2251452898	54452683	2935964	2927918	0.396611200538
chr14	54452683	2254388862	57389439	2936756	2927918	0.408973432608
chr14	57389439	2257325618	60324225	2934786	2927918	0.39423460911
chr14	60324225	2260260404	63265516	2941291	2927918	0.389814955531
chr14	63265516	2263201695	66199750	2934234	2927918	0.415740247206
chr14	66199750	2266135929	69132247	2932497	2927918	0.403650265524
chr14	69132247	2269068426	72068655	2936408	2927918	0.43132839079
chr14	72068655	2272004834	75002914	2934259	2927918	0.440416172931
chr14	75002914	2274939093	77932201	2929287	2927918	0.45480387903
chr14	77932201	2277868380	80866539	2934338	2927918	0.402869129003
chr14	80866539	2280802718	83802487	2935948	2927918	0.374903182956
chr14	83802487	2283738666	86737613	2935126	2927918	0.361930382593
chr14	86737613	2286673792	89668758	2931145	2927918	0.388033080565
chr14	89668758	2289604937	92602260	2933502	2927918	0.437558292063
chr14	92602260	2292538439	95532189	2929929	2927918	0.458437417127
chr14	95532189	2295468368	98461178	2928989	2927918	0.438578336362
chr14	98461178	2298397357	101390466	2929288	2927918	0.467515677861
chr14	101390466	2301326645	104320994	2930528	2927918	0.474872122108
chr14	104320994	2304257173	107349540	3028546	2927918	0.50890115602
chr15	0	2307285719	23641641	23641641	2980954	0.424616360092
chr15	23641641	2330927360	26636108	2994467	2980954	0.411690019165
chr15	26636108	2333921827	29798882	3162774	2980955	0.427669797958
chr15	29798882	2337084601	33171006	3372124	2980954	0.430066670107
chr15	33171006	2340456725	36188858	3017852	2980954	0.398678332351
chr15	36188858	2343474577	39176575	2987717	2980955	0.379023930965
chr15	39176575	2346462294	42161650	2985075	2980954	0.441411394078
chr15	42161650	2349447369	45206493	3044843	2980954	0.430302363503
chr15	45206493	2352492212	48201766	2995273	2980955	0.395494570615
chr15	48201766	2355487485	51188436	2986670	2980954	0.389616938184
chr15	51188436	2358474155	54183021	2994585	2980955	0.40445443729
chr15	54183021	2361468740	57176347	2993326	2980954	0.381772061064
chr15	57176347	2364462066	60160084	2983737	2980954	0.411370766679
chr15	60160084	2367445803	63145079	2984995	2980955	0.411150496969
chr15	63145079	2370430798	66129034	2983955	2980954	0.440189654207
chr15	66129034	2373414753	69113556	2984522	2980954	0.44952092863
chr15	69113556	2376399275	72106207	2992651	2980955	0.439806419254
chr15	72106207	2379391926	75124175	3017968	2980954	0.450190028397
chr15	75124175	2382409894	78134994	3010819	2980955	0.448039255738
chr15	78134994	2385420713	81127744	2992750	2980954	0.450112805872
chr15	81127744	2388413463	84470650	3342906	2980954	0.428994068465
chr15	84470650	2391756369	87577564	3106914	2980955	0.421638671131
chr15	87577564	2394863283	90568578	2991014	2980954	0.442858881397
chr15	90568578	2397854297	93553398	2984820	2980954	0.440112341707
chr15	93553398	2400839117	96537785	2984387	2980955	0.397422722038
chr15	96537785	2403823504	99523410	2985625	2980954	0.405664538805
chr15	99523410	2406809129	102531392	3007982	2980954	0.440074877009
chr16	0	2409817111	3055861	3055861	2945528	0.567362058946
chr16	3055861	2412872972	6003845	2947984	2945528	0.48758644037
chr16	6003845	2415820956	8952582	2948737	2945529	0.419709397776
chr16	8952582	2418769693	11903770	2951188	2945528	0.458249722993
chr16	11903770	2421720881	14917782	3014012	2945529	0.440177451067
chr16	14917782	2424734893	18174444	3256662	2945528	0.452550831157
chr16	18174444	2427991555	21331468	3157024	2945529	0.440941886446
chr16	21331468	2431148579	24516309	3184841	2945528	0.444512021472
chr16	24516309	2434333420	27463906	2947597	2945529	0.431082043385
chr16	27463906	2437281017	30755616	3291710	2945528	0.492288511267
chr16	30755616	2440572727	34164196	3408580	2945529	0.439860934925
chr16	34164196	2443981307	37118875	2954679	2945528	0.406230339765
chr16	37118875	2446935986	40064404	2945529	2945529	0.0
chr16	40064404	2449881515	43009932	2945528	2945528	0.0
chr16	43009932	2452827043	45955461	2945529	2945529	0.0
chr16	45955461	2455772572	48914094	2958633	2945528	0.415968468869
chr16	48914094	2458731205	51861771	2947677	2945528	0.451196348042
chr16	51861771	2461678882	54812407	2950636	2945529	0.408311693946
chr16	54812407	2464629518	57770723	2958316	2945528	0.454708384967
chr16	57770723	2467587834	60722184	2951461	2945529	0.408290735815
chr16	60722184	2470539295	63680427	2958243	2945528	0.363268424353
chr16	63680427	2473497538	66630918	2950491	2945529	0.403475961475
chr16	66630918	2476448029	69582003	2951085	2945528	0.476575241597
chr16	69582003	2479399114	72563583	2981580	2945529	0.441254005424
chr16	72563583	2482380694	75534558	2970975	2945528	0.43481992624
chr16	75534558	2485351669	78483953	2949395	2945529	0.398843221174
chr16	78483953	2488301064	81431361	2947408	2945528	0.426966387438
chr16	81431361	2491248472	84384042	2952681	2945529	0.448113122878
chr16	84384042	2494201153	87335860	2951818	2945528	0.50413948005
chr16	87335860	2497152971	90354753	3018893	2945529	0.541622692336
chr17	0	2500171864	2991214	2991214	2971304	0.502211526223
chr17	2991214	2503163078	5978169	2986955	2971304	0.472656954888
chr17	5978169	2506150033	8951518	2973349	2971305	0.481982450104
chr17	8951518	2509123382	11929104	2977586	2971304	0.441534893343
chr17	11929104	2512100968	14910111	2981007	2971304	0.404960870631
chr17	14910111	2515081975	17927948	3017837	2971305	0.464582769326
chr17	17927948	2518099812	21132703	3204755	2971304	0.462807008456
chr17	21132703	2521304567	24112638	2979935	2971304	0.43815611703
chr17	24112638	2524284502	27090693	2978055	2971305	0.45450894545
chr17	27090693	2527262557	30076480	2985787	2971304	0.441065996291
chr17	30076480	2530248344	33066311	2989831	2971305	0.44307892782
chr17	33066311	2533238175	36185560	3119249	2971304	0.445628591471
chr17	36185560	2536357424	39206866	3021306	2971304	0.47353497227
chr17	39206866	2539378730	42185321	2978455	2971305	0.48165308413
chr17	42185321	2542357185	45377679	3192358	2971304	0.470923078851
chr17	45377679	2545549543	48354828	2977149	2971304	0.467946704752
chr17	48354828	2548526692	51329720	2974892	2971305	0.413516246293
chr17	51329720	2551501584	54306204	2976484	2971304	0.381819366864
chr17	54306204	2554478068	57278497	2972293	2971305	0.44169337162
chr17	57278497	2557450361	60282505	3004008	2971304	0.414135438963
chr17	60282505	2560454369	63289650	3007145	2971304	0.441550927296
chr17	63289650	2563461514	66267512	2977862	2971305	0.433089288161
chr17	66267512	2566439376	69252931	2985419	2971304	0.386910924791
chr17	69252931	2569424795	72225843	2972912	2971304	0.453811647427
chr17	72225843	2572397707	75198103	2972260	2971305	0.508907357427
chr17	75198103	2575369967	78202274	3004171	2971304	0.520009153154
chr17	78202274	2578374138	81195210	2992936	2971304	0.54331608186
chr18	0	2581367074	2903279	2903279	2881042	0.391858585461
chr18	2903279	2584270353	5792200	2888921	2881043	0.397352577414
chr18	5792200	2587159274	8681902	2889702	2881043	0.410781519491
chr18	8681902	2590048976	11569495	2887593	2881043	0.41846276919
chr18	11569495	2592936569	14467275	2897780	2881042	0.437341387309
chr18	14467275	2595834349	17357917	2890642	2881043	0.385116317516
chr18	17357917	2598724991	20243395	2885478	2881043	0.409328374793
chr18	20243395	2601610469	23131398	2888003	2881043	0.414785639222
chr18	23131398	2604498472	26020627	2889229	2881043	0.386255027722
chr18	26020627	2607387701	28905263	2884636	2881042	0.352942726262
chr18	28905263	2610272337	31791677	2886414	2881043	0.376619309206
chr18	31791677	2613158751	34681088	2889411	2881043	0.399030875821
chr18	34681088	2616048162	37571581	2890493	2881043	0.394920247224
chr18	37571581	2618938655	40459703	2888122	2881042	0.366481840807
chr18	40459703	2621826777	43345982	2886279	2881043	0.385497115492
chr18	43345982	2624713056	46242462	2896480	2881043	0.443314337876
chr18	46242462	2627609536	49129862	2887400	2881043	0.43244238246
chr18	49129862	2630496936	52019879	2890017	2881043	0.377098558868
chr18	52019879	2633386953	54904561	2884682	2881042	0.387137965483
chr18	54904561	2636271635	57795301	2890740	2881043	0.42800637345
chr18	57795301	2639162375	60686089	2890788	2881043	0.386332455834
chr18	60686089	2642053163	63573728	2887639	2881043	0.373475788715
chr18	63573728	2644940802	66459721	2885993	2881042	0.350200190922
chr18	66459721	2647826795	69350101	2890380	2881043	0.368018137395
chr18	69350101	2650717175	72236221	2886120	2881043	0.381865700757
chr18	72236221	2653603295	75123837	2887616	2881043	0.425485037098
chr18	75123837	2656490911	78077248	2953411	2881043	0.458312656745
chr19	0	2659444322	3077710	3077710	2930362	0.561036971056
chr19	3077710	2662522032	6011714	2934004	2930363	0.54235812742
chr19	6011714	2665456036	9000820	2989106	2930362	0.500169256393
chr19	9000820	2668445142	11932901	2932081	2930363	0.491334317617
chr19	11932901	2671377223	14869263	2936362	2930363	0.49277065105
chr19	14869263	2674313585	17802522	2933259	2930362	0.495751656603
chr19	17802522	2677246844	20750011	2947489	2930363	0.498291797973
chr19	20750011	2680194333	23689712	2939701	2930362	0.410428196318
chr19	23689712	2683134034	26639912	2950200	2930363	0.403345395411
chr19	26639912	2686084234	29574126	2934214	2930363	0.416198151704
chr19	29574126	2689018448	32513154	2939028	2930362	0.452916098168
chr19	32513154	2691957476	35447534	2934380	2930363	0.46123749396
chr19	35447534	2694891856	38444756	2997222	2930362	0.465776998983
chr19	38444756	2697889078	41394908	2950152	2930363	0.497383526419
chr19	41394908	2700839230	44345181	2950273	2930363	0.477192465109
chr19	44345181	2703789503	47279741	2934560	2930362	0.483961831442
chr19	47279741	2706724063	50252606	2972865	2930363	0.510481632713
chr19	50252606	2709696928	53225940	2973334	2930362	0.481057303984
chr19	53225940	2712670262	56172337	2946397	2930363	0.489448306221
chr19	56172337	2715616659	59128983	2956646	2930363	0.459876598724
chr20	0	2718573305	3055080	3055080	2986088	0.454376875157
chr20	3055080	2721628385	6047384	2992304	2986088	0.447538453621
chr20	6047384	2724620689	9043743	2996359	2986089	0.381231433729
chr20	9043743	2727617048	12036246	2992503	2986088	0.3936451234
chr20	12036246	2730609551	15031252	2995006	2986089	0.38539997222
chr20	15031252	2733604557	18021112	2989860	2986088	0.410921306736
chr20	18021112	2736594417	21016874	2995762	2986089	0.425632326178
chr20	21016874	2739590179	24016215	2999341	2986088	0.426059640395
chr20	24016215	2742589520	27070937	3054722	2986088	0.444536773533
chr20	27070937	2745644242	30059070	2988133	2986089	0.406322331017
chr20	30059070	2748632375	33049010	2989940	2986088	0.475619259504
chr20	33049010	2751622315	36037916	2988906	2986089	0.466831898106
chr20	36037916	2754611221	39029875	2991959	2986088	0.436562842898
chr20	39029875	2757603180	42021970	2992095	2986089	0.432719594318
chr20	42021970	2760595275	45011995	2990025	2986088	0.461597169524
chr20	45011995	2763585300	48006954	2994959	2986088	0.462263114612
chr20	48006954	2766580259	50993934	2986980	2986089	0.46860844826
chr20	50993934	2769567239	53987450	2993516	2986088	0.404912881767
chr20	53987450	2772560755	56979898	2992448	2986089	0.451293421778
chr20	56979898	2775553203	59970840	2990942	2986088	0.451884087432
chr20	59970840	2778544145	63025520	3054680	2986089	0.554366094226
chr21	0	2781598825	12389227	12389227	2973355	0.393959228754
chr21	12389227	2793988052	15366717	2977490	2973355	0.390515171254
chr21	15366717	2796965542	18346065	2979348	2973355	0.368444123718
chr21	18346065	2799944890	21325679	2979614	2973355	0.365766259813
chr21	21325679	2802924504	24301855	2976176	2973356	0.350250220249
chr21	24301855	2805900680	27277147	2975292	2973355	0.359817886905
chr21	27277147	2808875972	30255518	2978371	2973355	0.374618625672
chr21	30255518	2811854343	33231639	2976121	2973355	0.395530314409
chr21	33231639	2814830464	36207600	2975961	2973356	0.437890524849
chr21	36207600	2817806425	39184172	2976572	2973355	0.430957201131
chr21	39184172	2820782997	42162005	2977833	2973355	0.422902957696
chr21	42162005	2823760830	45138546	2976541	2973355	0.485589087302
chr21	45138546	2826737371	48129895	2991349	2973356	0.515398728764
chr22	0	2829728720	19033605	19033605	2890509	0.446668504136
chr22	19033605	2848762325	22240937	3207332	2890510	0.506197798548
chr22	22240937	2851969657	25174484	2933547	2890510	0.482693829215
chr22	25174484	2854903204	28071020	2896536	2890510	0.462107177603
chr22	28071020	2857799740	30969431	2898411	2890509	0.453487132441
chr22	30969431	2860698151	33863238	2893807	2890510	0.458630130738
chr22	33863238	2863591958	36759050	2895812	2890510	0.441065275601
chr22	36759050	2866487770	39653558	2894508	2890510	0.512599023669
chr22	39653558	2869382278	42550698	2897140	2890509	0.475860347888
chr22	42550698	2872279418	45449893	2899195	2890510	0.507017977737
chr22	45449893	2875178613	48342895	2893002	2890510	0.493161779244
chr22	48342895	2878071615	51304566	2961671	2890510	0.516981967071
chrX	0	2881033286	3067155	3067155	2938612	0.474579789794
chrX	3067155	2884100441	6078406	3011251	2938613	0.393233315168
chrX	6078406	2887111692	9028893	2950487	2938612	0.396489695358
chrX	9028893	2890062179	11983432	2954539	2938613	0.415996882124
chrX	11983432	2893016718	14930051	2946619	2938613	0.396499923132
chrX	14930051	2895963337	17881560	2951509	2938612	0.407763684431
chrX	17881560	2898914846	20831989	2950429	2938613	0.416414415385
chrX	20831989	2901865275	23777605	2945616	2938613	0.38519658693
chrX	23777605	2904810891	26728453	2950848	2938612	0.392457088635
chrX	26728453	2907761739	29675007	2946554	2938613	0.363210473516
chrX	29675007	2910708293	32622938	2947931	2938613	0.376606252584
chrX	32622938	2913656224	35567588	2944650	2938612	0.362488674383
chrX	35567588	2916600874	38517680	2950092	2938613	0.378678070435
chrX	38517680	2919550966	41457575	2939895	2938613	0.44244407202
chrX	41457575	2922490861	44409810	2952235	2938612	0.390319611874
chrX	44409810	2925443096	47353819	2944009	2938613	0.412045335428
chrX	47353819	2928387105	50459379	3105560	2938613	0.442498607582
chrX	50459379	2931492665	53807069	3347690	2938612	0.418662810232
chrX	53807069	2934840355	56795643	2988574	2938613	0.404812526099
chrX	56795643	2937828929	59770369	2974726	2938613	0.39572540963
chrX	59770369	2940803655	62772477	3002108	2938612	0.379783157124
chrX	62772477	2943805763	65736806	2964329	2938613	0.396521171219
chrX	65736806	2946770092	68686947	2950141	2938613	0.409732680755
chrX	68686947	2949720233	71696707	3009760	2938612	0.427630490384
chrX	71696707	2952729993	74756642	3059935	2938613	0.396719605665
chrX	74756642	2955789928	77717468	2960826	2938613	0.389619379778
chrX	77717468	2958750754	80667500	2950032	2938612	0.370005227058
chrX	80667500	2961700786	83625564	2958064	2938613	0.360745500607
chrX	83625564	2964658850	86580336	2954772	2938612	0.364287082532
chrX	86580336	2967613622	89529970	2949634	2938613	0.358208606079
chrX	89529970	2970563256	92474040	2944070	2938613	0.360713324946
chrX	92474040	2973507326	95425977	2951937	2938612	0.360768295009
chrX	95425977	2976459263	98375986	2950009	2938613	0.371084040026
chrX	98375986	2979409272	101336254	2960268	2938613	0.390440061211
chrX	101336254	2982369540	104418722	3082468	2938612	0.402331571759
chrX	104418722	2985452008	107385407	2966685	2938613	0.390259909455
chrX	107385407	2988418693	110333148	2947741	2938613	0.390615464103
chrX	110333148	2991366434	113286480	2953332	2938612	0.383445963105
chrX	113286480	2994319766	116274190	2987710	2938613	0.377114130495
chrX	116274190	2997307476	119244238	2970048	2938613	0.41032204845
chrX	119244238	3000277524	122266204	3021966	2938612	0.382601023968
chrX	122266204	3003299490	125210627	2944423	2938613	0.381003421721
chrX	125210627	3006243913	128161632	2951005	2938613	0.361597583469
chrX	128161632	3009194918	131121418	2959786	2938612	0.41019559509
chrX	131121418	3012154704	134064926	2943508	2938613	0.404084579295
chrX	134064926	3015098212	137107214	3042288	2938613	0.409946126109
chrX	137107214	3018140500	140055233	2948019	2938612	0.38930964196
chrX	140055233	3021088519	143109758	3054525	2938613	0.377981926498
chrX	143109758	3024143044	146064220	2954462	2938613	0.371878942208
chrX	146064220	3027097506	149071439	3007219	2938612	0.393552017706
chrX	149071439	3030104725	152065963	2994524	2938613	0.420733515801
chrX	152065963	3033099249	155270560	3204597	2938613	0.465746019046
chrY	0	3036303846	5477331	5477331	2816532	0.416050213911
chrY	5477331	3041781177	8444385	2967054	2816533	0.395644706403
chrY	8444385	3044748231	11484341	3039956	2816532	0.417404140193
chrY	11484341	3047788187	14347393	2863052	2816533	0.41067094139
chrY	14347393	3050651239	17204718	2857325	2816533	0.392030033664
chrY	17204718	3053508564	20525503	3320785	2816532	0.387152694443
chrY	20525503	3056829349	23628281	3102778	2816533	0.389136131657
chrY	23628281	3059932127	59373566	35745285	2816533	0.396384495836
