bin.chrom	bin.start.chrompos	bin.start.abspos	bin.end.chrompos	bin.length	mappable.positions	gc.content
chr1	0	0	2214099	2214099	1953661	0.528132745177
chr1	2214099	2214099	4192684	1978585	1953661	0.568428758335
chr1	4192684	4192684	6147464	1954780	1953661	0.477624103353
chr1	6147464	6147464	8102953	1955489	1953661	0.493140086045
chr1	8102953	8102953	10057490	1954537	1953661	0.474386543323
chr1	10057490	10057490	12012241	1954751	1953662	0.49001894357
chr1	12012241	12012241	14257679	2245438	1953661	0.462396354819
chr1	14257679	14257679	16213372	1955693	1953661	0.465043373328
chr1	16213372	16213372	18201807	1988435	1953661	0.501521586722
chr1	18201807	18201807	20156368	1954561	1953661	0.488133664661
chr1	20156368	20156368	22114195	1957827	1953661	0.462949011379
chr1	22114195	22114195	24071508	1957313	1953662	0.485321984453
chr1	24071508	24071508	26043524	1972016	1953661	0.469502813869
chr1	26043524	26043524	27999768	1956244	1953661	0.491687650735
chr1	27999768	27999768	29955213	1955445	1953661	0.459200932751
chr1	29955213	29955213	31913335	1958122	1953661	0.475506496469
chr1	31913335	31913335	33868961	1955626	1953661	0.475591472407
chr1	33868961	33868961	35829684	1960723	1953662	0.442360351401
chr1	35829684	35829684	37784123	1954439	1953661	0.463838509323
chr1	37784123	37784123	39739006	1954883	1953661	0.460199960611
chr1	39739006	39739006	41703499	1964493	1953661	0.446698006358
chr1	41703499	41703499	43662820	1959321	1953661	0.448096102582
chr1	43662820	43662820	45617289	1954469	1953662	0.46920368734
chr1	45617289	45617289	47584936	1967647	1953661	0.44020554479
chr1	47584936	47584936	49544442	1959506	1953661	0.438691242904
chr1	49544442	49544442	51505248	1960806	1953661	0.387800845366
chr1	51505248	51505248	53460489	1955241	1953661	0.417960836581
chr1	53460489	53460489	55415486	1954997	1953661	0.478691293448
chr1	55415486	55415486	57373504	1958018	1953662	0.409590300406
chr1	57373504	57373504	59334118	1960614	1953661	0.410727546853
chr1	59334118	59334118	61295106	1960988	1953661	0.395457396519
chr1	61295106	61295106	63249764	1954658	1953661	0.40610694443
chr1	63249764	63249764	65207505	1957741	1953661	0.402441995706
chr1	65207505	65207505	67167817	1960312	1953661	0.390967467457
chr1	67167817	67167817	69128036	1960219	1953662	0.395953313427
chr1	69128036	69128036	71091321	1963285	1953661	0.36924555605
chr1	71091321	71091321	73053944	1962623	1953661	0.359959238265
chr1	73053944	73053944	75011055	1957111	1953661	0.353325025177
chr1	75011055	75011055	76971269	1960214	1953661	0.379212801038
chr1	76971269	76971269	78930238	1958969	1953661	0.38539825245
chr1	78930238	78930238	80889538	1959300	1953662	0.357600819067
chr1	80889538	80889538	82851101	1961563	1953661	0.363163596414
chr1	82851101	82851101	84816543	1965442	1953661	0.368681071554
chr1	84816543	84816543	86781225	1964682	1953661	0.388953134448
chr1	86781225	86781225	88741493	1960268	1953661	0.387402755743
chr1	88741493	88741493	90702996	1961503	1953662	0.389216443496
chr1	90702996	90702996	92661960	1958964	1953661	0.397192702681
chr1	92661960	92661960	94620668	1958708	1953661	0.405350970792
chr1	94620668	94620668	96576960	1956292	1953661	0.393819129436
chr1	96576960	96576960	98536390	1959430	1953661	0.362259573182
chr1	98536390	98536390	100493573	1957183	1953661	0.370720703459
chr1	100493573	100493573	102448926	1955353	1953662	0.377435299472
chr1	102448926	102448926	104580634	2131708	1953661	0.347829428691
chr1	104580634	104580634	106546077	1965443	1953661	0.347663760624
chr1	106546077	106546077	108500879	1954802	1953661	0.366069437141
chr1	108500879	108500879	110538452	2037573	1953661	0.43063789063
chr1	110538452	110538452	112495486	1957034	1953661	0.43199818501
chr1	112495486	112495486	114461354	1965868	1953662	0.41831911571
chr1	114461354	114461354	116418675	1957321	1953661	0.412980381879
chr1	116418675	116418675	118376926	1958251	1953661	0.420727045995
chr1	118376926	118376926	120338806	1961880	1953661	0.395204706501
chr1	120338806	120338806	122417898	2079092	1953661	0.405217883669
chr1	122417898	122417898	124371560	1953662	1953662	0.0
chr1	124371560	124371560	126325221	1953661	1953661	0.0
chr1	126325221	126325221	128278882	1953661	1953661	0.0
chr1	128278882	128278882	130232543	1953661	1953661	0.0
chr1	130232543	130232543	132186204	1953661	1953661	0.0
chr1	132186204	132186204	134139865	1953661	1953661	0.0
chr1	134139865	134139865	136093527	1953662	1953662	0.0
chr1	136093527	136093527	138047188	1953661	1953661	0.0
chr1	138047188	138047188	140000849	1953661	1953661	0.0
chr1	140000849	140000849	141954510	1953661	1953661	0.0
chr1	141954510	141954510	144040228	2085718	1953661	0.407117584822
chr1	144040228	144040228	146506642	2466414	1953661	0.421623315824
chr1	146506642	146506642	148995200	2488558	1953662	0.413424132397
chr1	148995200	148995200	151117356	2122156	1953661	0.434995816565
chr1	151117356	151117356	153079767	1962411	1953661	0.430861903177
chr1	153079767	153079767	155036138	1956371	1953661	0.467867323869
chr1	155036138	155036138	157000289	1964151	1953661	0.485654630775
chr1	157000289	157000289	158960241	1959952	1953661	0.406472294758
chr1	158960241	158960241	160919179	1958938	1953662	0.423678622112
chr1	160919179	160919179	162923519	2004340	1953661	0.43124476761
chr1	162923519	162923519	164883104	1959585	1953661	0.384413144198
chr1	164883104	164883104	166844137	1961033	1953661	0.411461294673
chr1	166844137	166844137	168800697	1956560	1953661	0.413597422417
chr1	168800697	168800697	170758135	1957438	1953662	0.381330206801
chr1	170758135	170758135	172716371	1958236	1953661	0.388494656931
chr1	172716371	172716371	174685538	1969167	1953661	0.387862088018
chr1	174685538	174685538	176646694	1961156	1953661	0.408005882239
chr1	176646694	176646694	178605404	1958710	1953661	0.404912513938
chr1	178605404	178605404	180564505	1959101	1953661	0.408366482007
chr1	180564505	180564505	182525701	1961196	1953662	0.424825540308
chr1	182525701	182525701	184481167	1955466	1953661	0.409463105507
chr1	184481167	184481167	186444700	1963533	1953661	0.379424354544
chr1	186444700	186444700	188409133	1964433	1953661	0.357895272687
chr1	188409133	188409133	190366249	1957116	1953661	0.339221753619
chr1	190366249	190366249	192323091	1956842	1953661	0.341807011698
chr1	192323091	192323091	194284620	1961529	1953662	0.36459785749
chr1	194284620	194284620	196245476	1960856	1953661	0.343327767742
chr1	196245476	196245476	198217922	1972446	1953661	0.358539743507
chr1	198217922	198217922	200175448	1957526	1953661	0.368801365804
chr1	200175448	200175448	202130831	1955383	1953661	0.462359075067
chr1	202130831	202130831	204086211	1955380	1953661	0.458033264089
chr1	204086211	204086211	206041277	1955066	1953662	0.473518334089
chr1	206041277	206041277	208024541	1983264	1953661	0.42499261864
chr1	208024541	208024541	209979751	1955210	1953661	0.425633128275
chr1	209979751	209979751	211938734	1958983	1953661	0.416105279009
chr1	211938734	211938734	213895968	1957234	1953661	0.418668469209
chr1	213895968	213895968	215851231	1955263	1953662	0.392439388011
chr1	215851231	215851231	217806630	1955399	1953661	0.371451175488
chr1	217806630	217806630	219768560	1961930	1953661	0.377975383449
chr1	219768560	219768560	221726126	1957566	1953661	0.395751258705
chr1	221726126	221726126	223689071	1962945	1953661	0.412180766979
chr1	223689071	223689071	225654966	1965895	1953661	0.41921982236
chr1	225654966	225654966	227611013	1956047	1953662	0.441379535993
chr1	227611013	227611013	229605354	1994341	1953661	0.474109518774
chr1	229605354	229605354	231560082	1954728	1953661	0.438603796944
chr1	231560082	231560082	233516530	1956448	1953661	0.414240588822
chr1	233516530	233516530	235471362	1954832	1953661	0.42334397643
chr1	235471362	235471362	237435500	1964138	1953661	0.425266528863
chr1	237435500	237435500	239390483	1954983	1953662	0.372640710798
chr1	239390483	239390483	241348417	1957934	1953661	0.393418886011
chr1	241348417	241348417	243316704	1968287	1953661	0.405202183216
chr1	243316704	243316704	245272659	1955955	1953661	0.4075984288
chr1	245272659	245272659	247233200	1960541	1953661	0.425971784347
chr1	247233200	247233200	249250621	2017421	1953662	0.402127787869
chr2	0	249250621	1984087	1984087	1959272	0.45408287063
chr2	1984087	251234708	3949440	1965353	1959272	0.45527278233
chr2	3949440	253200061	5916685	1967245	1959273	0.394204944499
chr2	5916685	255167306	7876687	1960002	1959272	0.406019579552
chr2	7876687	257127308	9837576	1960889	1959273	0.436946775726
chr2	9837576	259088197	11802250	1964674	1959272	0.467893433828
chr2	11802250	261052871	13764931	1962681	1959273	0.396700333166
chr2	13764931	263015552	15729753	1964822	1959272	0.37989865759
chr2	15729753	264980374	17694624	1964871	1959273	0.417233936663
chr2	17694624	266945245	19678046	1983422	1959272	0.39462515327
chr2	19678046	268928667	21639626	1961580	1959272	0.431731266737
chr2	21639626	270890247	23603528	1963902	1959273	0.386453207489
chr2	23603528	272854149	25564882	1961354	1959272	0.444890677674
chr2	25564882	274815503	27524583	1959701	1959273	0.458367415879
chr2	27524583	276775204	29486911	1962328	1959272	0.436097904022
chr2	29486911	278737532	31450434	1963523	1959273	0.433504029742
chr2	31450434	280701055	33413410	1962976	1959272	0.404075662599
chr2	33413410	282664031	35377271	1963861	1959273	0.381168136474
chr2	35377271	284627892	37343626	1966355	1959272	0.37877048776
chr2	37343626	286594247	39304817	1961191	1959272	0.411279257064
chr2	39304817	288555438	41265954	1961137	1959273	0.379031267034
chr2	41265954	290516575	43229783	1963829	1959272	0.41355798946
chr2	43229783	292480404	45194821	1965038	1959273	0.417964519806
chr2	45194821	294445442	47159658	1964837	1959272	0.430784405236
chr2	47159658	296410279	49120585	1960927	1959273	0.429075708503
chr2	49120585	298371206	51081731	1961146	1959272	0.368966544085
chr2	51081731	300332352	53043815	1962084	1959273	0.355341712851
chr2	53043815	302294436	55006418	1962603	1959272	0.39181801738
chr2	55006418	304257039	56969596	1963178	1959272	0.389836387901
chr2	56969596	306220217	58936879	1967283	1959273	0.358540323339
chr2	58936879	308187500	60902516	1965637	1959272	0.397079524775
chr2	60902516	310153137	62863193	1960677	1959273	0.41796387884
chr2	62863193	312113814	64826356	1963163	1959272	0.387421332389
chr2	64826356	314076977	66790808	1964452	1959273	0.42113330218
chr2	66790808	316041429	68753530	1962722	1959272	0.387574615687
chr2	68753530	318004151	70714886	1961356	1959273	0.422430785201
chr2	70714886	319965507	72682700	1967814	1959272	0.441101200519
chr2	72682700	321933321	74665636	1982936	1959272	0.433235431466
chr2	74665636	323916257	76630068	1964432	1959273	0.402904857073
chr2	76630068	325880689	78600600	1970532	1959272	0.351795503148
chr2	78600600	327851221	80563893	1963293	1959273	0.379196707576
chr2	80563893	329814514	82525896	1962003	1959272	0.362787046924
chr2	82525896	331776517	84491594	1965698	1959273	0.358596428753
chr2	84491594	333742215	86454150	1962556	1959272	0.442424631527
chr2	86454150	335704771	88701535	2247385	1959273	0.423508467102
chr2	88701535	337952156	90848985	2147450	1959272	0.411332675272
chr2	90848985	340099606	92915086	2066101	1959273	0.416417602169
chr2	92915086	342165707	94874358	1959272	1959272	0.0
chr2	94874358	344124979	96928599	2054241	1959272	0.442079841241
chr2	96928599	346179220	99017144	2088545	1959273	0.44022279604
chr2	99017144	348267765	100983913	1966769	1959272	0.420417018555
chr2	100983913	350234534	102944401	1960488	1959273	0.434233278415
chr2	102944401	352195022	104909133	1964732	1959272	0.372755803076
chr2	104909133	354159754	106876734	1967601	1959273	0.424774204959
chr2	106876734	356127355	108886010	2009276	1959272	0.394786087341
chr2	108886010	358136631	111053660	2167650	1959273	0.439979325175
chr2	111053660	360304281	113300641	2246981	1959272	0.428823449043
chr2	113300641	362551262	115265471	1964830	1959272	0.4219755175
chr2	115265471	364516092	117230465	1964994	1959273	0.365778861636
chr2	117230465	366481086	119200943	1970478	1959272	0.387743595469
chr2	119200943	368451564	121165922	1964979	1959273	0.436186914784
chr2	121165922	370416543	123131615	1965693	1959272	0.461095439526
chr2	123131615	372382236	125096995	1965380	1959273	0.368239863803
chr2	125096995	374347616	127066761	1969766	1959272	0.375264498154
chr2	127066761	376317382	129028086	1961325	1959273	0.445761466599
chr2	129028086	378278707	131022861	1994775	1959272	0.444441158084
chr2	131022861	380273482	133118376	2095515	1959272	0.432260392066
chr2	133118376	382368997	135088029	1969653	1959273	0.408402994433
chr2	135088029	384338650	137053169	1965140	1959272	0.409639608741
chr2	137053169	386303790	139016768	1963599	1959273	0.384142705163
chr2	139016768	388267389	140978964	1962196	1959272	0.366399313423
chr2	140978964	390229585	142940147	1961183	1959273	0.347973801554
chr2	142940147	392190768	144908623	1968476	1959272	0.366852461648
chr2	144908623	394159244	146868771	1960148	1959273	0.363814503992
chr2	146868771	396119392	148832725	1963954	1959272	0.367236333197
chr2	148832725	398083346	150799576	1966851	1959272	0.389500405227
chr2	150799576	400050197	152781011	1981435	1959273	0.386621426773
chr2	152781011	402031632	154747790	1966779	1959272	0.38601552486
chr2	154747790	403998411	156712179	1964389	1959273	0.348519719343
chr2	156712179	405962800	158682523	1970344	1959272	0.372682767392
chr2	158682523	407933144	160648994	1966471	1959273	0.396847553971
chr2	160648994	409899615	162615372	1966378	1959272	0.382663066142
chr2	162615372	411865993	164576244	1960872	1959273	0.360199074494
chr2	164576244	413826865	166541857	1965613	1959272	0.363137236946
chr2	166541857	415792478	168512350	1970493	1959273	0.361303124342
chr2	168512350	417762971	170478144	1965794	1959272	0.393454865103
chr2	170478144	419728765	172439056	1960912	1959272	0.400694778047
chr2	172439056	421689677	174403857	1964801	1959273	0.410444202294
chr2	174403857	423654478	176374069	1970212	1959272	0.398638929578
chr2	176374069	425624690	178340052	1965983	1959273	0.398399784332
chr2	178340052	427590673	180311692	1971640	1959272	0.384984190842
chr2	180311692	429562313	182276820	1965128	1959273	0.363670087984
chr2	182276820	431527441	184242325	1965505	1959272	0.372140114484
chr2	184242325	433492946	186207484	1965159	1959273	0.348737329919
chr2	186207484	435458105	188173831	1966347	1959272	0.359114785829
chr2	188173831	437424452	190138699	1964868	1959272	0.353801014825
chr2	190138699	439389320	192099152	1960453	1959273	0.383356924796
chr2	192099152	441349773	194065443	1966291	1959272	0.364684205253
chr2	194065443	443316064	196034266	1968823	1959273	0.342223407362
chr2	196034266	445284887	198003599	1969333	1959272	0.382369175382
chr2	198003599	447254220	199970411	1966812	1959273	0.380901295191
chr2	199970411	449221032	201931109	1960698	1959272	0.398647931861
chr2	201931109	451181730	203893896	1962787	1959273	0.413305760324
chr2	203893896	453144517	205855874	1961978	1959272	0.394865391085
chr2	205855874	455106495	207821030	1965156	1959272	0.402344238987
chr2	207821030	457071651	209785945	1964915	1959273	0.402162025164
chr2	209785945	459036566	211751014	1965069	1959272	0.367288510186
chr2	211751014	461001635	213714765	1963751	1959273	0.353162032089
chr2	213714765	462965386	215680979	1966214	1959272	0.362520699659
chr2	215680979	464931600	217642872	1961893	1959273	0.41221828895
chr2	217642872	466893493	219602789	1959917	1959272	0.450112989363
chr2	219602789	468853410	221565011	1962222	1959273	0.450407802575
chr2	221565011	470815632	223529280	1964269	1959272	0.390168668173
chr2	223529280	472779901	225490081	1960801	1959272	0.405657784081
chr2	225490081	474740702	227453903	1963822	1959273	0.378150995201
chr2	227453903	476704524	229417213	1963310	1959272	0.397379020757
chr2	229417213	478667834	231382637	1965424	1959273	0.399515423119
chr2	231382637	480633258	233356900	1974263	1959272	0.460322195855
chr2	233356900	482607521	235319557	1962657	1959273	0.447952823791
chr2	235319557	484570178	237283292	1963735	1959272	0.459918003276
chr2	237283292	486533913	239247782	1964490	1959273	0.463258694869
chr2	239247782	488498403	241211158	1963376	1959272	0.487234185261
chr2	241211158	490461779	243199373	1988215	1959273	0.516198392711
chr3	0	492449994	2019897	2019897	1953475	0.367628638006
chr3	2019897	494469891	3978698	1958801	1953476	0.385884644857
chr3	3978698	496428692	5943180	1964482	1953475	0.408575483435
chr3	5943180	498393174	7900440	1957260	1953476	0.376225564079
chr3	7900440	500350434	9858609	1958169	1953476	0.432612882123
chr3	9858609	502308603	11814396	1955787	1953475	0.468019300651
chr3	11814396	504264390	13770512	1956116	1953476	0.47264275468
chr3	13770512	506220506	15727367	1956855	1953476	0.455966378739
chr3	15727367	508177361	17683280	1955913	1953475	0.398389500566
chr3	17683280	510133274	19647020	1963740	1953476	0.374055756815
chr3	19647020	512097014	21605721	1958701	1953476	0.376390907657
chr3	21605721	514055715	23569426	1963705	1953475	0.371620613462
chr3	23569426	516019420	25526658	1957232	1953476	0.393132859944
chr3	25526658	517976652	27492165	1965507	1953476	0.382922693307
chr3	27492165	519942159	29453173	1961008	1953475	0.380751755473
chr3	29453173	521903167	31409004	1955831	1953476	0.378741436513
chr3	31409004	523858998	33363147	1954143	1953476	0.422035212331
chr3	33363147	525813141	35324261	1961114	1953475	0.381880521091
chr3	35324261	527774255	37280770	1956509	1953476	0.38504511347
chr3	37280770	529730764	39237501	1956731	1953476	0.440097345933
chr3	39237501	531687495	41197611	1960110	1953475	0.412585097178
chr3	41197611	533647605	43160160	1962549	1953476	0.426503056481
chr3	43160160	535610154	45117104	1956944	1953476	0.424296838032
chr3	45117104	537567098	47077310	1960206	1953475	0.450739411328
chr3	47077310	539527304	49033829	1956519	1953476	0.463523775109
chr3	49033829	541483823	50988708	1954879	1953475	0.495218890562
chr3	50988708	543438702	52944862	1956154	1953476	0.468817926587
chr3	52944862	545394856	54906823	1961961	1953476	0.436001086667
chr3	54906823	547356817	56865036	1958213	1953475	0.410045372954
chr3	56865036	549315030	58822703	1957667	1953476	0.431791073976
chr3	58822703	551272697	60780743	1958040	1953476	0.392934260791
chr3	60780743	553230737	62735349	1954606	1953475	0.400726489495
chr3	62735349	555185343	64701633	1966284	1953476	0.399243039924
chr3	64701633	557151627	66658302	1956669	1953476	0.406582534008
chr3	66658302	559108296	68616311	1958009	1953475	0.387882396983
chr3	68616311	561066305	70572217	1955906	1953476	0.39157107594
chr3	70572217	563022211	72526331	1954114	1953476	0.416747009901
chr3	72526331	564976325	74481652	1955321	1953475	0.406893899371
chr3	74481652	566931646	76442192	1960540	1953476	0.385770873565
chr3	76442192	568892186	78400684	1958492	1953476	0.36032482101
chr3	78400684	570850678	80359512	1958828	1953475	0.352811627349
chr3	80359512	572809506	82321550	1962038	1953476	0.356221585697
chr3	82321550	574771544	84279994	1958444	1953476	0.344055439874
chr3	84279994	576729988	86236482	1956488	1953475	0.344882416981
chr3	86236482	578686476	88193226	1956744	1953476	0.358228405731
chr3	88193226	580643220	90160383	1967157	1953476	0.355630632806
chr3	90160383	582610377	92119908	1959525	1953475	0.36791959869
chr3	92119908	584569902	94075601	1955693	1953476	0.376973065218
chr3	94075601	586525595	96033015	1957414	1953476	0.348412396752
chr3	96033015	588483009	97989529	1956514	1953475	0.35907449773
chr3	97989529	590439523	99947116	1957587	1953476	0.38083785718
chr3	99947116	592397110	101906552	1959436	1953475	0.388589483311
chr3	101906552	594356546	103868976	1962424	1953476	0.353814615175
chr3	103868976	596318970	105826583	1957607	1953476	0.356772470907
chr3	105826583	598276577	107787623	1961040	1953475	0.376788972393
chr3	107787623	600237617	109752842	1965219	1953476	0.382261333458
chr3	109752842	602202836	111717592	1964750	1953476	0.370947580153
chr3	111717592	604167586	113677705	1960113	1953475	0.395298745227
chr3	113677705	606127699	115634728	1957023	1953476	0.37741469833
chr3	115634728	608084722	117595643	1960915	1953476	0.370439442363
chr3	117595643	610045637	119554443	1958800	1953475	0.390628557659
chr3	119554443	612004437	121516123	1961680	1953476	0.3892470849
chr3	121516123	613966117	123474778	1958655	1953476	0.427464839428
chr3	123474778	615924772	125432474	1957696	1953475	0.426077464451
chr3	125432474	617882468	127394210	1961736	1953476	0.477693759309
chr3	127394210	619844204	129349260	1955050	1953476	0.481457782197
chr3	129349260	621799254	131312667	1963407	1953475	0.402702136947
chr3	131312667	623762661	133277918	1965251	1953476	0.394840257209
chr3	133277918	625727912	135236590	1958672	1953476	0.43472880122
chr3	135236590	627686584	137207844	1971254	1953475	0.403787737361
chr3	137207844	629657838	139166760	1958916	1953476	0.418996098867
chr3	139166760	631616754	141122910	1956150	1953476	0.422104723968
chr3	141122910	633572904	143081086	1958176	1953475	0.401681563167
chr3	143081086	635531080	145036387	1955301	1953476	0.36568398862
chr3	145036387	637486381	146995594	1959207	1953476	0.355901795061
chr3	146995594	639445588	148953256	1957662	1953475	0.367920644196
chr3	148953256	641403250	150909570	1956314	1953476	0.398720349882
chr3	150909570	643359564	152866225	1956655	1953475	0.37301019034
chr3	152866225	645316219	154825722	1959497	1953476	0.373812898093
chr3	154825722	647275716	156789422	1963700	1953476	0.393528651496
chr3	156789422	649239416	158750763	1961341	1953475	0.385420092253
chr3	158750763	651200757	160711185	1960422	1953476	0.392892557936
chr3	160711185	653161179	162669237	1958052	1953476	0.363256069547
chr3	162669237	655119231	164631726	1962489	1953475	0.346734838529
chr3	164631726	657081720	166590788	1959062	1953476	0.346080066807
chr3	166590788	659040782	168550855	1960067	1953476	0.364490229681
chr3	168550855	661000849	170507831	1956976	1953475	0.392360568182
chr3	170507831	662957825	172465165	1957334	1953476	0.39809618788
chr3	172465165	664915159	174420837	1955672	1953476	0.359941380823
chr3	174420837	666870831	176380455	1959618	1953475	0.355207131995
chr3	176380455	668830449	178339497	1959042	1953476	0.388275607899
chr3	178339497	670789491	180299419	1959922	1953476	0.387881877052
chr3	180299419	672749413	182256036	1956617	1953475	0.381292934393
chr3	182256036	674706030	184214092	1958056	1953476	0.435439093224
chr3	184214092	676664086	186172513	1958421	1953476	0.431638108825
chr3	186172513	678622507	188134573	1962060	1953475	0.421530512288
chr3	188134573	680584567	190092123	1957550	1953476	0.3823060639
chr3	190092123	682542117	192050330	1958207	1953476	0.368099625729
chr3	192050330	684500324	194008000	1957670	1953475	0.409357134392
chr3	194008000	686457994	195992782	1984782	1953476	0.467712960989
chr3	195992782	688442776	198022430	2029648	1953475	0.437572379647
chr4	0	690472424	1985999	1985999	1970007	0.512386090921
chr4	1985999	692458423	3958823	1972824	1970008	0.505277708222
chr4	3958823	694431247	5937109	1978286	1970008	0.45214650243
chr4	5937109	696409533	7909048	1971939	1970007	0.507461430134
chr4	7909048	698381472	9981024	2071976	1970008	0.492576054255
chr4	9981024	700453448	11960369	1979345	1970008	0.409664904638
chr4	11960369	702432793	13936661	1976292	1970008	0.38451515817
chr4	13936661	704409085	15920507	1983846	1970007	0.394070009396
chr4	15920507	706392931	17895968	1975461	1970008	0.411083376403
chr4	17895968	708368392	19874474	1978506	1970008	0.369598202282
chr4	19874474	710346898	21853078	1978604	1970007	0.372553707004
chr4	21853078	712325502	23830047	1976969	1970008	0.379307536631
chr4	23830047	714302471	25800476	1970429	1970008	0.419054003921
chr4	25800476	716272900	27778988	1978512	1970008	0.398503624437
chr4	27778988	718251412	29750046	1971058	1970007	0.35048755492
chr4	29750046	720222470	31721061	1971015	1970008	0.352577882383
chr4	31721061	722193485	33694447	1973386	1970008	0.347516618073
chr4	33694447	724166871	35666477	1972030	1970007	0.34421246714
chr4	35666477	726138901	37639779	1973302	1970008	0.372050125069
chr4	37639779	728112203	39612214	1972435	1970008	0.414670785429
chr4	39612214	730084638	41583889	1971675	1970008	0.422963839761
chr4	41583889	732056313	43557690	1973801	1970007	0.385871335691
chr4	43557690	734030114	45532630	1974940	1970008	0.357073777356
chr4	45532630	736005054	47508522	1975892	1970008	0.359605322958
chr4	47508522	737980946	49522557	2014035	1970007	0.396274322881
chr4	49522557	739994981	54526907	5004350	1970008	0.404720827479
chr4	54526907	744999331	56505690	1978783	1970008	0.406005200161
chr4	56505690	746978114	58481307	1975617	1970008	0.407747141529
chr4	58481307	748953731	60462118	1980811	1970007	0.354457940774
chr4	60462118	750934542	62436000	1973882	1970008	0.350150768738
chr4	62436000	752908424	64417927	1981927	1970008	0.351912707267
chr4	64417927	754890351	66395906	1977979	1970007	0.344507353711
chr4	66395906	756868330	68370737	1974831	1970008	0.356094920431
chr4	68370737	758843161	70355125	1984388	1970008	0.363566133673
chr4	70355125	760827549	72335820	1980695	1970008	0.374026415954
chr4	72335820	762808244	74308844	1973024	1970007	0.370553150339
chr4	74308844	764781268	76327639	2018795	1970008	0.378984471114
chr4	76327639	766800063	78301382	1973743	1970008	0.408886659624
chr4	78301382	768773806	80282959	1981577	1970007	0.387599989705
chr4	80282959	770755383	82269651	1986692	1970008	0.363557749709
chr4	82269651	772742075	84243538	1973887	1970008	0.404399132879
chr4	84243538	774715962	86219862	1976324	1970008	0.38388099939
chr4	86219862	776692286	88199958	1980096	1970007	0.378739840149
chr4	88199958	778672382	90182662	1982704	1970008	0.39429345551
chr4	90182662	780655086	92160248	1977586	1970008	0.358889718182
chr4	92160248	782632672	94138133	1977885	1970007	0.349309642057
chr4	94138133	784610557	96119543	1981410	1970008	0.369184702626
chr4	96119543	786591967	98096004	1976461	1970008	0.35865837104
chr4	98096004	788568428	100075494	1979490	1970008	0.376206117529
chr4	100075494	790547918	102051438	1975944	1970007	0.375120575157
chr4	102051438	792523862	104030389	1978951	1970008	0.373776436328
chr4	104030389	794502813	106008744	1978355	1970008	0.360537557175
chr4	106008744	796481168	107988023	1979279	1970007	0.366107692642
chr4	107988023	798460447	109964722	1976699	1970008	0.388210457727
chr4	109964722	800437146	111940174	1975452	1970008	0.387553949624
chr4	111940174	802412598	113921039	1980865	1970008	0.375243264692
chr4	113921039	804393463	115895438	1974399	1970007	0.36331930545
chr4	115895438	806367862	117869747	1974309	1970008	0.342987502982
chr4	117869747	808342171	119846875	1977128	1970008	0.365257722052
chr4	119846875	810319299	121834012	1987137	1970007	0.372017760207
chr4	121834012	812306436	123810608	1976596	1970008	0.379472710182
chr4	123810608	814283032	125787089	1976481	1970008	0.37131257896
chr4	125787089	816259513	127759231	1972142	1970008	0.352058470375
chr4	127759231	818231655	129740930	1981699	1970007	0.387761322218
chr4	129740930	820213354	131717556	1976626	1970008	0.359870951944
chr4	131717556	822189980	133706009	1988453	1970008	0.349373257127
chr4	133706009	824178433	135682002	1975993	1970007	0.345457351866
chr4	135682002	826154426	137661781	1979779	1970008	0.344332529709
chr4	137661781	828134205	139638277	1976496	1970008	0.361672007763
chr4	139638277	830110701	141614049	1975772	1970008	0.410339947788
chr4	141614049	832086473	143590415	1976366	1970007	0.37451122463
chr4	143590415	834062839	145575336	1984921	1970008	0.377602053077
chr4	145575336	836047760	147552866	1977530	1970008	0.388499402285
chr4	147552866	838025290	149527488	1974622	1970007	0.387489466349
chr4	149527488	839999912	151503322	1975834	1970008	0.370147623588
chr4	151503322	841975746	153476135	1972813	1970008	0.399124094251
chr4	153476135	843948559	155447908	1971773	1970008	0.406968847866
chr4	155447908	845920332	157423681	1975773	1970007	0.369805266288
chr4	157423681	847896105	159399040	1975359	1970008	0.361317247835
chr4	159399040	849871464	161373732	1974692	1970008	0.380651888343
chr4	161373732	851846156	163349037	1975305	1970007	0.343488885525
chr4	163349037	853821461	165328313	1979276	1970008	0.36238466754
chr4	165328313	855800737	167306149	1977836	1970008	0.380421955691
chr4	167306149	857778573	169289895	1983746	1970008	0.355779564743
chr4	169289895	859762319	171267396	1977501	1970007	0.395684861161
chr4	171267396	861739820	173241972	1974576	1970008	0.353770273952
chr4	173241972	863714396	175213574	1971602	1970008	0.378562327932
chr4	175213574	865685998	177188730	1975156	1970007	0.361532090091
chr4	177188730	867661154	179162558	1973828	1970008	0.368206988444
chr4	179162558	869634982	181134971	1972413	1970008	0.353424608919
chr4	181134971	871607395	183112200	1977229	1970008	0.375789677584
chr4	183112200	873584624	185086594	1974394	1970007	0.418157755587
chr4	185086594	875559018	187060826	1974232	1970008	0.423303924459
chr4	187060826	877533250	189038587	1977761	1970008	0.403694982665
chr4	189038587	879511011	191154276	2115689	1970007	0.407843684717
chr5	0	881626700	2016388	2016388	1965327	0.52727734887
chr5	2016388	883643088	3984246	1967858	1965328	0.445446322401
chr5	3984246	885610946	5953738	1969492	1965327	0.409653951726
chr5	5953738	887580438	7926935	1973197	1965328	0.423980044587
chr5	7926935	889553635	9898426	1971491	1965327	0.393862417975
chr5	9898426	891525126	11865070	1966644	1965328	0.418854740507
chr5	11865070	893491770	13837039	1971969	1965328	0.366096154558
chr5	13837039	895463739	15806906	1969867	1965327	0.412846742601
chr5	15806906	897433606	17850711	2043805	1965328	0.415788489056
chr5	17850711	899477411	19819601	1968890	1965327	0.354407453532
chr5	19819601	901446301	21817364	1997763	1965328	0.353555598381
chr5	21817364	903444064	23792306	1974942	1965328	0.354150294894
chr5	23792306	905419006	25763559	1971253	1965327	0.350014077326
chr5	25763559	907390259	27732237	1968678	1965328	0.348223174919
chr5	27732237	909358937	29705469	1973232	1965327	0.347388094874
chr5	29705469	911332169	31675041	1969572	1965328	0.369723097482
chr5	31675041	913301741	33648265	1973224	1965328	0.416933995396
chr5	33648265	915274965	35647168	1998903	1965327	0.397992400839
chr5	35647168	917273868	37616707	1969539	1965328	0.391568390808
chr5	37616707	919243407	39585108	1968401	1965327	0.399695590791
chr5	39585108	921211808	41559475	1974367	1965328	0.377778419333
chr5	41559475	923186175	43531784	1972309	1965328	0.392080660707
chr5	43531784	925158484	45503188	1971404	1965327	0.365874406388
chr5	45503188	927129888	47473970	1970782	1965328	0.362723196972
chr5	47473970	929100670	49455879	1981909	1965327	0.39076433121
chr5	49455879	931082579	51427727	1971848	1965328	0.361859167787
chr5	51427727	933054427	53396335	1968608	1965328	0.375415648605
chr5	53396335	935023035	55366714	1970379	1965327	0.402301382321
chr5	55366714	936993414	57337399	1970685	1965328	0.403116273665
chr5	57337399	938964099	59311673	1974274	1965327	0.378034783384
chr5	59311673	940938373	61280160	1968487	1965328	0.390620420028
chr5	61280160	942906860	63253269	1973109	1965327	0.380550815438
chr5	63253269	944879969	65228592	1975323	1965328	0.377056433751
chr5	65228592	946855292	67200658	1972066	1965328	0.389763943231
chr5	67200658	948827358	69677371	2476713	1965327	0.399880890615
chr5	69677371	951304071	72300900	2623529	1965328	0.397400678704
chr5	72300900	953927600	74268068	1967168	1965327	0.408845702202
chr5	74268068	955894768	76240576	1972508	1965328	0.40211507166
chr5	76240576	957867276	78212439	1971863	1965328	0.401567551531
chr5	78212439	959839139	80184687	1972248	1965327	0.406171631385
chr5	80184687	961811387	82161025	1976338	1965328	0.391020269792
chr5	82161025	963787725	84133361	1972336	1965327	0.360928502113
chr5	84133361	965760061	86105472	1972111	1965328	0.34718395954
chr5	86105472	967732172	88073436	1967964	1965328	0.367572407247
chr5	88073436	969700136	90044733	1971297	1965327	0.363122996562
chr5	90044733	971671433	92016246	1971513	1965328	0.36304790751
chr5	92016246	973642946	93987954	1971708	1965327	0.36899848355
chr5	93987954	975614654	95957027	1969073	1965328	0.381639602351
chr5	95957027	977583727	97930079	1973052	1965328	0.374870125197
chr5	97930079	979556779	99933513	2003434	1965327	0.363277888587
chr5	99933513	981560213	101910084	1976571	1965328	0.354696234341
chr5	101910084	983536784	103887178	1977094	1965327	0.361903519101
chr5	103887178	985513878	105857981	1970803	1965328	0.344007144289
chr5	105857981	987484681	107826862	1968881	1965328	0.36666272196
chr5	107826862	989453562	109801023	1974161	1965327	0.378795975814
chr5	109801023	991427723	111774321	1973298	1965328	0.376911772158
chr5	111774321	993401021	113742531	1968210	1965327	0.394606881779
chr5	113742531	995369231	115712164	1969633	1965328	0.382928309052
chr5	115712164	997338864	117681982	1969818	1965328	0.372328436101
chr5	117681982	999308682	119654453	1972471	1965327	0.376790962411
chr5	119654453	1001281153	121626799	1972346	1965328	0.357799941998
chr5	121626799	1003253499	123598064	1971265	1965327	0.382942036771
chr5	123598064	1005224764	125567357	1969293	1965328	0.382047382439
chr5	125567357	1007194057	127540210	1972853	1965327	0.396203471619
chr5	127540210	1009166910	129509784	1969574	1965328	0.36603918813
chr5	129509784	1011136484	131481913	1972129	1965328	0.387411890995
chr5	131481913	1013108613	133456624	1974711	1965327	0.453666431527
chr5	133456624	1015083324	135423442	1966818	1965328	0.45091060697
chr5	135423442	1017050142	137396158	1972716	1965327	0.411739032137
chr5	137396158	1019022858	139365271	1969113	1965328	0.462831044518
chr5	139365271	1020991971	141335105	1969834	1965328	0.434043747804
chr5	141335105	1022961805	143302374	1967269	1965327	0.420697504309
chr5	143302374	1024929074	145278208	1975834	1965328	0.376355628706
chr5	145278208	1026904908	147252210	1974002	1965327	0.397838606203
chr5	147252210	1028878910	149225644	1973434	1965328	0.413406870048
chr5	149225644	1030852344	151193203	1967559	1965328	0.45969908938
chr5	151193203	1032819903	153180621	1987418	1965327	0.392055026114
chr5	153180621	1034807321	155149757	1969136	1965328	0.422809376607
chr5	155149757	1036776457	157122713	1972956	1965327	0.404075413084
chr5	157122713	1038749413	159090708	1967995	1965328	0.407677958859
chr5	159090708	1040717408	161063080	1972372	1965328	0.407152497447
chr5	161063080	1042689780	163033255	1970175	1965327	0.366345764873
chr5	163033255	1044659955	165000553	1967298	1965328	0.360850912418
chr5	165000553	1046627253	166973857	1973304	1965327	0.374550120458
chr5	166973857	1048600557	168942211	1968354	1965328	0.430542544133
chr5	168942211	1050568911	170913443	1971232	1965328	0.430937169306
chr5	170913443	1052540143	172884251	1970808	1965327	0.462587971443
chr5	172884251	1054510951	174853769	1969518	1965328	0.436553576506
chr5	174853769	1056480469	176870880	2017111	1965327	0.475656544775
chr5	176870880	1058497580	178909273	2038393	1965328	0.484428680408
chr5	178909273	1060535973	180915260	2005987	1965328	0.468136080978
chr6	0	1062541960	2043916	2043916	1958385	0.434140927196
chr6	2043916	1064585876	4011238	1967322	1958385	0.4406783021
chr6	4011238	1066553198	5974888	1963650	1958386	0.425292770817
chr6	5974888	1068516848	7939682	1964794	1958385	0.433411407597
chr6	7939682	1070481642	9904252	1964570	1958386	0.379875616674
chr6	9904252	1072446212	11865653	1961401	1958385	0.417123864907
chr6	11865653	1074407613	13825080	1959427	1958386	0.408075515877
chr6	13825080	1076367040	15784802	1959722	1958385	0.432108807159
chr6	15784802	1078326762	17746320	1961518	1958386	0.419072963824
chr6	17746320	1080288280	19707930	1961610	1958385	0.39333670471
chr6	19707930	1082249890	21672747	1964817	1958386	0.404950786815
chr6	21672747	1084214707	23635077	1962330	1958385	0.382292598806
chr6	23635077	1086177037	25601960	1966883	1958385	0.397524003691
chr6	25601960	1088143920	27602164	2000204	1958386	0.408133462253
chr6	27602164	1090144124	29565704	1963540	1958385	0.404472631601
chr6	29565704	1092107664	31528103	1962399	1958386	0.458349236471
chr6	31528103	1094070063	33520355	1992252	1958385	0.464617463436
chr6	33520355	1096062315	35480655	1960300	1958386	0.486117445169
chr6	35480655	1098022615	37440132	1959477	1958385	0.452713195702
chr6	37440132	1099982092	39399998	1959866	1958386	0.433745537965
chr6	39399998	1101941958	41362673	1962675	1958385	0.440165651302
chr6	41362673	1103904633	43322244	1959571	1958386	0.473702178995
chr6	43322244	1105864204	45288654	1966410	1958385	0.448601818947
chr6	45288654	1107830614	47251274	1962620	1958386	0.40149962652
chr6	47251274	1109793234	49215369	1964095	1958385	0.365910135803
chr6	49215369	1111757329	51177679	1962310	1958385	0.366832083787
chr6	51177679	1113719639	53144886	1967207	1958386	0.404858355162
chr6	53144886	1115686846	55106339	1961453	1958385	0.375155178171
chr6	55106339	1117648299	57070249	1963910	1958386	0.367237432227
chr6	57070249	1119612209	59060521	1990272	1958385	0.378271095319
chr6	59060521	1121602481	61018907	1958386	1958386	0.0
chr6	61018907	1123560867	62984364	1965457	1958385	0.356262568773
chr6	62984364	1125526324	64945190	1960826	1958386	0.368584087947
chr6	64945190	1127487150	66908816	1963626	1958385	0.346446984867
chr6	66908816	1129450776	68870534	1961718	1958386	0.343824297045
chr6	68870534	1131412494	70838695	1968161	1958385	0.357301707226
chr6	70838695	1133380655	72802851	1964156	1958386	0.378080072988
chr6	72802851	1135344811	74771250	1968399	1958385	0.388873506973
chr6	74771250	1137313210	76734893	1963643	1958385	0.372140585493
chr6	76734893	1139276853	78701361	1966468	1958386	0.364725116579
chr6	78701361	1141243321	80663724	1962363	1958385	0.372298221789
chr6	80663724	1143205684	82631337	1967613	1958386	0.363108636598
chr6	82631337	1145173297	84600009	1968672	1958385	0.378170281113
chr6	84600009	1147141969	86564734	1964725	1958386	0.387704245933
chr6	86564734	1149106694	88537368	1972634	1958385	0.389289762531
chr6	88537368	1151079328	90503446	1966078	1958386	0.402740987142
chr6	90503446	1153045406	92464068	1960622	1958385	0.385988848448
chr6	92464068	1155006028	94425507	1961439	1958386	0.349964643341
chr6	94425507	1156967467	96397317	1971810	1958385	0.347328923072
chr6	96397317	1158939277	98358971	1961654	1958385	0.364829001619
chr6	98358971	1160900931	100324963	1965992	1958386	0.379468604685
chr6	100324963	1162866923	102289144	1964181	1958385	0.361223979639
chr6	102289144	1164831104	104255879	1966735	1958386	0.342969090427
chr6	104255879	1166797839	106224146	1968267	1958385	0.381248193209
chr6	106224146	1168766106	108187474	1963328	1958386	0.414669973973
chr6	108187474	1170729434	110149600	1962126	1958385	0.410898779285
chr6	110149600	1172691560	112110647	1961047	1958386	0.411335463826
chr6	112110647	1174652607	114083818	1973171	1958385	0.379051912833
chr6	114083818	1176625778	116047906	1964088	1958386	0.366650391097
chr6	116047906	1178589866	118017118	1969212	1958385	0.376990007181
chr6	118017118	1180559078	119977683	1960565	1958386	0.386258158992
chr6	119977683	1182519643	121943289	1965606	1958385	0.359132136214
chr6	121943289	1184485249	123906344	1963055	1958385	0.364575251763
chr6	123906344	1186448304	125873614	1967270	1958386	0.371055959725
chr6	125873614	1188415574	127834049	1960435	1958385	0.372732202055
chr6	127834049	1190376009	129803159	1969110	1958386	0.358808437509
chr6	129803159	1192345119	131763237	1960078	1958385	0.386597996
chr6	131763237	1194305197	133727792	1964555	1958386	0.378683336752
chr6	133727792	1196269752	135692297	1964505	1958385	0.39683849434
chr6	135692297	1198234257	137654783	1962486	1958386	0.389309896417
chr6	137654783	1200196743	139614091	1959308	1958385	0.406258325635
chr6	139614091	1202156051	141575054	1960963	1958386	0.368016767255
chr6	141575054	1204117014	143541867	1966813	1958385	0.370028192789
chr6	143541867	1206083827	145501703	1959836	1958386	0.392554384597
chr6	145501703	1208043663	147465615	1963912	1958385	0.372146132672
chr6	147465615	1210007575	149426440	1960825	1958385	0.399821605884
chr6	149426440	1211968400	151387400	1960960	1958386	0.431519325719
chr6	151387400	1213929360	153350546	1963146	1958385	0.397428008484
chr6	153350546	1215892506	155310123	1959577	1958386	0.387911383006
chr6	155310123	1217852083	157277981	1967858	1958385	0.400169219355
chr6	157277981	1219819941	159238890	1960909	1958386	0.444074971882
chr6	159238890	1221780850	161228476	1989586	1958385	0.42937784104
chr6	161228476	1223770436	163188788	1960312	1958386	0.405614100598
chr6	163188788	1225730748	165153126	1964338	1958385	0.401045134753
chr6	165153126	1227695086	167116555	1963429	1958386	0.41854488393
chr6	167116555	1229658515	169089951	1973396	1958385	0.466574641374
chr6	169089951	1231631911	171115067	2025116	1958385	0.451245015318
chr7	0	1233657027	1981219	1981219	1963585	0.555828819277
chr7	1981219	1235638246	3949630	1968411	1963585	0.478927440532
chr7	3949630	1237606657	5926534	1976904	1963585	0.491373894358
chr7	5926534	1239583561	7936914	2010380	1963585	0.435680880549
chr7	7936914	1241593941	9907839	1970925	1963585	0.364005871349
chr7	9907839	1243564866	11874542	1966703	1963585	0.360920422738
chr7	11874542	1245531569	13843003	1968461	1963585	0.360460420135
chr7	13843003	1247500030	15813947	1970944	1963585	0.354814388624
chr7	15813947	1249470974	17781561	1967614	1963585	0.373819891686
chr7	17781561	1251438588	19750744	1969183	1963585	0.363392469473
chr7	19750744	1253407771	21715947	1965203	1963585	0.377863886974
chr7	21715947	1255372974	23686508	1970561	1963585	0.408432006487
chr7	23686508	1257343535	25659097	1972589	1963585	0.402351019547
chr7	25659097	1259316124	27626782	1967685	1963585	0.418654491289
chr7	27626782	1261283809	29591563	1964781	1963585	0.406736011051
chr7	29591563	1263248590	31567761	1976198	1963585	0.430521202307
chr7	31567761	1265224788	33545343	1977582	1963585	0.398502415068
chr7	33545343	1267202370	35526179	1980836	1963585	0.397623127182
chr7	35526179	1269183206	37493095	1966916	1963585	0.416802327296
chr7	37493095	1271150122	39463925	1970830	1963585	0.38953802252
chr7	39463925	1273120952	41430513	1966588	1963585	0.397538887109
chr7	41430513	1275087540	43396482	1965969	1963585	0.402602581625
chr7	43396482	1277053509	45372620	1976138	1963585	0.466218486544
chr7	45372620	1279029647	47343771	1971151	1963585	0.409922010113
chr7	47343771	1281000798	49312343	1968572	1963585	0.41312290013
chr7	49312343	1282969370	51283897	1971554	1963585	0.405235468192
chr7	51283897	1284940924	53252954	1969057	1963585	0.388400246006
chr7	53252954	1286909981	55226710	1973756	1963585	0.378211006618
chr7	55226710	1288883737	57269793	2043083	1963585	0.444925198903
chr7	57269793	1290926820	59255259	1985466	1963585	0.415400636552
chr7	59255259	1292912286	61340420	2085161	1963585	0.371308790981
chr7	61340420	1294997447	63537483	2197063	1963585	0.402513206892
chr7	63537483	1297194510	65612209	2074726	1963585	0.417818142908
chr7	65612209	1299269236	67591373	1979164	1963585	0.445182465746
chr7	67591373	1301248400	69556307	1964934	1963585	0.425526327575
chr7	69556307	1303213334	71524746	1968439	1963585	0.432787673087
chr7	71524746	1305181773	73646556	2121810	1963585	0.471527166403
chr7	73646556	1307303583	76011188	2364632	1963585	0.490834836091
chr7	76011188	1309668215	78051940	2040752	1963585	0.407189695573
chr7	78051940	1311708967	80019410	1967470	1963585	0.359272203111
chr7	80019410	1313676437	81985154	1965744	1963585	0.357904836128
chr7	81985154	1315642181	83955952	1970798	1963585	0.351963162168
chr7	83955952	1317612979	85923131	1967179	1963585	0.3455518328
chr7	85923131	1319580158	87894207	1971076	1963585	0.370738245772
chr7	87894207	1321551234	89865125	1970918	1963585	0.360386012624
chr7	89865125	1323522152	91835611	1970486	1963585	0.383725757274
chr7	91835611	1325492638	93805791	1970180	1963585	0.373841604481
chr7	93805791	1327462818	95772419	1966628	1963585	0.375641071274
chr7	95772419	1329429446	97747701	1975282	1963585	0.398917320244
chr7	97747701	1331404728	99715417	1967716	1963585	0.46592143793
chr7	99715417	1333372444	101692460	1977043	1963585	0.507496711286
chr7	101692460	1335349487	103773229	2080769	1963585	0.425132318741
chr7	103773229	1337430256	105741965	1968736	1963585	0.415793772457
chr7	105741965	1339398992	107708298	1966333	1963585	0.395982373299
chr7	107708298	1341365325	109679065	1970767	1963585	0.369181776251
chr7	109679065	1343336092	111658598	1979533	1963585	0.369744409672
chr7	111658598	1345315625	113635594	1976996	1963585	0.372994813348
chr7	113635594	1347292621	115602937	1967343	1963585	0.354851335175
chr7	115602937	1349259964	117571650	1968713	1963585	0.381140998062
chr7	117571650	1351228677	119539605	1967955	1963585	0.35093246448
chr7	119539605	1353196632	121505356	1965751	1963585	0.362748524357
chr7	121505356	1355162383	123475220	1969864	1963585	0.368583954442
chr7	123475220	1357132247	125441798	1966578	1963585	0.359910097733
chr7	125441798	1359098825	127407577	1965779	1963585	0.375175566353
chr7	127407577	1361064604	129375260	1967683	1963585	0.448898578787
chr7	129375260	1363032287	131343070	1967810	1963585	0.427494844235
chr7	131343070	1365000097	133308252	1965182	1963585	0.42733911939
chr7	133308252	1366965279	135274229	1965977	1963585	0.404764242141
chr7	135274229	1368931256	137247324	1973095	1963585	0.383243195849
chr7	137247324	1370904351	139212817	1965493	1963585	0.420717427417
chr7	139212817	1372869844	141182234	1969417	1963585	0.438858599921
chr7	141182234	1374839261	143153396	1971162	1963585	0.417596747265
chr7	143153396	1376810423	145297096	2143700	1963585	0.383889875446
chr7	145297096	1378954123	147266785	1969689	1963585	0.360982509439
chr7	147266785	1380923812	149235646	1968861	1963585	0.423728822168
chr7	149235646	1382892673	151229945	1994299	1963585	0.472136853965
chr7	151229945	1384886972	153201093	1971148	1963585	0.438551099612
chr7	153201093	1386858120	155188847	1987754	1963585	0.439742212447
chr7	155188847	1388845874	157154862	1966015	1963585	0.456872956846
chr7	157154862	1390811889	159138663	1983801	1963585	0.489538970981
chr8	0	1392795690	1991899	1991899	1961464	0.47127278305
chr8	1991899	1394787589	3964073	1972174	1961464	0.401790205337
chr8	3964073	1396759763	5926931	1962858	1961464	0.379499302039
chr8	5926931	1398722621	8276190	2349259	1961464	0.44387783727
chr8	8276190	1401071880	10243778	1967588	1961464	0.422286147012
chr8	10243778	1403039468	12323973	2080195	1961464	0.455969543842
chr8	12323973	1405119663	14313505	1989532	1961464	0.386550317813
chr8	14313505	1407109195	16280888	1967383	1961464	0.363453518249
chr8	16280888	1409076578	18245862	1964974	1961464	0.384789941455
chr8	18245862	1411041552	20210568	1964706	1961464	0.413326560486
chr8	20210568	1413006258	22173613	1963045	1961464	0.455956479901
chr8	22173613	1414969303	24137839	1964226	1961464	0.445162170583
chr8	24137839	1416933529	26103292	1965453	1961465	0.403369703198
chr8	26103292	1418898982	28072443	1969151	1961464	0.43137227021
chr8	28072443	1420868133	30037894	1965451	1961464	0.42410121229
chr8	30037894	1422833584	32002130	1964236	1961464	0.395500952532
chr8	32002130	1424797820	33967954	1965824	1961464	0.396836749539
chr8	33967954	1426763644	35934810	1966856	1961464	0.378740102234
chr8	35934810	1428730500	37901641	1966831	1961464	0.419702130277
chr8	37901641	1430697331	39863672	1962031	1961464	0.404571686613
chr8	39863672	1432659362	41831418	1967746	1961464	0.430283247652
chr8	41831418	1434627108	43798809	1967391	1961464	0.419458644002
chr8	43798809	1436594499	45769797	1970988	1961464	0.376057286858
chr8	45769797	1438565487	47744158	1974361	1961464	0.438733950974
chr8	47744158	1440539848	49711812	1967654	1961465	0.423171109512
chr8	49711812	1442507502	51676269	1964457	1961464	0.369769997745
chr8	51676269	1444471959	53639553	1963284	1961464	0.382159298238
chr8	53639553	1446435243	55605369	1965816	1961464	0.406686682083
chr8	55605369	1448401059	57568646	1963277	1961464	0.402578033993
chr8	57568646	1450364336	59536045	1967399	1961464	0.389656709537
chr8	59536045	1452331735	61505230	1969185	1961464	0.378150983121
chr8	61505230	1454300920	63471434	1966204	1961464	0.390839006696
chr8	63471434	1456267124	65438227	1966793	1961464	0.375774801136
chr8	65438227	1458233917	67404011	1965784	1961464	0.393431431499
chr8	67404011	1460199701	69371974	1967963	1961464	0.392062866972
chr8	69371974	1462167664	71337634	1965660	1961464	0.389525767909
chr8	71337634	1464133324	73306457	1968823	1961465	0.383349459703
chr8	73306457	1466102147	75274741	1968284	1961464	0.400361532826
chr8	75274741	1468070431	77249671	1974930	1961464	0.358702476845
chr8	77249671	1470045361	79215109	1965438	1961464	0.351676469391
chr8	79215109	1472010799	81181358	1966249	1961464	0.376358867713
chr8	81181358	1473977048	83147200	1965842	1961464	0.389744048867
chr8	83147200	1475942890	85113037	1965837	1961464	0.348418156319
chr8	85113037	1477908727	87184562	2071525	1961464	0.377583557244
chr8	87184562	1479980252	89152872	1968310	1961464	0.365271359419
chr8	89152872	1481948562	91126256	1973384	1961464	0.362659915495
chr8	91126256	1483921946	93100247	1973991	1961464	0.373811862555
chr8	93100247	1485895937	95067454	1967207	1961464	0.383960219783
chr8	95067454	1487863144	97036739	1969285	1961464	0.405635135965
chr8	97036739	1489832429	99005777	1969038	1961465	0.41202768862
chr8	99005777	1491801467	100978576	1972799	1961464	0.387982366189
chr8	100978576	1493774266	102943787	1965211	1961464	0.418683369182
chr8	102943787	1495739477	104909365	1965578	1961464	0.407064581447
chr8	104909365	1497705055	106877394	1968029	1961464	0.370774647351
chr8	106877394	1499673084	108841617	1964223	1961464	0.371559775484
chr8	108841617	1501637307	110806156	1964539	1961464	0.372367387598
chr8	110806156	1503601846	112771066	1964910	1961464	0.345933558348
chr8	112771066	1505566756	114738335	1967269	1961464	0.344360792184
chr8	114738335	1507534025	116707868	1969533	1961464	0.350204489892
chr8	116707868	1509503558	118671335	1963467	1961464	0.382490887302
chr8	118671335	1511467025	120637992	1966657	1961464	0.393502889927
chr8	120637992	1513433682	122605545	1967553	1961465	0.388086737092
chr8	122605545	1515401235	124570034	1964489	1961464	0.407230168018
chr8	124570034	1517365724	126534186	1964152	1961464	0.423875622787
chr8	126534186	1519329876	128508866	1974680	1961464	0.40016113987
chr8	128508866	1521304556	130481839	1972973	1961464	0.407555088128
chr8	130481839	1523277529	132446336	1964497	1961464	0.408761725
chr8	132446336	1525242026	134412286	1965950	1961464	0.419316443128
chr8	134412286	1527207976	136382020	1969734	1961464	0.430488146635
chr8	136382020	1529177710	138353159	1971139	1961464	0.387050951708
chr8	138353159	1531148849	140317826	1964667	1961464	0.415655257959
chr8	140317826	1533113516	142281142	1963316	1961464	0.465498202533
chr8	142281142	1535076832	144267762	1986620	1961464	0.543286196274
chr8	144267762	1537063452	146364022	2096260	1961465	0.552184855244
chr9	0	1539159712	1995430	1995430	1959425	0.410793721467
chr9	1995430	1541155142	3956130	1960700	1959425	0.389556903599
chr9	3956130	1543115842	5922789	1966659	1959426	0.399444540772
chr9	5922789	1545082501	7886745	1963956	1959425	0.402452598273
chr9	7886745	1547046457	9848333	1961588	1959425	0.364057218889
chr9	9848333	1549008045	11812674	1964341	1959426	0.351230411389
chr9	11812674	1550972386	13777033	1964359	1959425	0.361715081902
chr9	13777033	1552936745	15739568	1962535	1959426	0.390568432595
chr9	15739568	1554899280	17704719	1965151	1959425	0.392740921445
chr9	17704719	1556864431	19671659	1966940	1959425	0.399343752892
chr9	19671659	1558831371	21637425	1965766	1959426	0.379522405492
chr9	21637425	1560797137	23601935	1964510	1959425	0.371004605724
chr9	23601935	1562761647	25565863	1963928	1959426	0.359837672422
chr9	25565863	1564725575	27527384	1961521	1959425	0.380362096188
chr9	27527384	1566687096	29494170	1966786	1959425	0.364443447896
chr9	29494170	1568653882	31457942	1963772	1959426	0.348025791155
chr9	31457942	1570617654	33422871	1964929	1959425	0.400316346986
chr9	33422871	1572582583	35389825	1966954	1959426	0.444713557395
chr9	35389825	1574549537	37351168	1961343	1959425	0.441147273937
chr9	37351168	1576510880	39643785	2292617	1959425	0.430374170327
chr9	39643785	1578803497	43225312	3581527	1959426	0.39297690726
chr9	43225312	1582385024	46182618	2957306	1959425	0.401668481955
chr9	46182618	1585342330	48598435	2415817	1959426	0.404111802337
chr9	48598435	1587758147	50557860	1959425	1959425	0.0
chr9	50557860	1589717572	52517285	1959425	1959425	0.0
chr9	52517285	1591676997	54476711	1959426	1959426	0.0
chr9	54476711	1593636423	56436136	1959425	1959425	0.0
chr9	56436136	1595595848	58395561	1959425	1959425	0.0
chr9	58395561	1597555273	60354987	1959426	1959426	0.0
chr9	60354987	1599514699	62314412	1959425	1959425	0.0
chr9	62314412	1601474124	64273838	1959426	1959426	0.0
chr9	64273838	1603433550	66721811	2447973	1959425	0.397368835461
chr9	66721811	1605881523	69725563	3003752	1959425	0.394314428924
chr9	69725563	1608885275	72292303	2566740	1959426	0.40437111943
chr9	72292303	1611452015	74274978	1982675	1959425	0.388042530377
chr9	74274978	1613434690	76235708	1960730	1959426	0.38411317814
chr9	76235708	1615395420	78198957	1963249	1959425	0.376748057177
chr9	78198957	1617358669	80164250	1965293	1959425	0.401255791115
chr9	80164250	1619323962	82129346	1965096	1959426	0.394311632295
chr9	82129346	1621289058	84094223	1964877	1959425	0.377076145656
chr9	84094223	1623253935	86077333	1983110	1959426	0.400018254138
chr9	86077333	1625237045	88042443	1965110	1959425	0.408458143862
chr9	88042443	1627202155	90010497	1968054	1959425	0.406398496791
chr9	90010497	1629170209	91983558	1973061	1959426	0.436359609399
chr9	91983558	1631143270	93947564	1964006	1959425	0.438813587801
chr9	93947564	1633107276	95913103	1965539	1959426	0.437984758395
chr9	95913103	1635072815	97893691	1980588	1959425	0.447008719624
chr9	97893691	1637053403	99874427	1980736	1959425	0.430313347853
chr9	99874427	1639034139	101837114	1962687	1959426	0.447827954403
chr9	101837114	1640996826	103804806	1967692	1959425	0.396989572566
chr9	103804806	1642964518	105771542	1966736	1959425	0.366039096209
chr9	105771542	1644931254	107735365	1963823	1959426	0.367691622217
chr9	107735365	1646895077	109701678	1966313	1959425	0.394545634855
chr9	109701678	1648861390	111665013	1963335	1959426	0.420825869425
chr9	111665013	1650824725	113634597	1969584	1959425	0.411303187573
chr9	113634597	1652794309	115601536	1966939	1959425	0.403189521191
chr9	115601536	1654761248	117592521	1990985	1959426	0.46062229437
chr9	117592521	1656752233	119555121	1962600	1959425	0.400073983416
chr9	119555121	1658714833	121516935	1961814	1959426	0.391888433982
chr9	121516935	1660676647	123484608	1967673	1959425	0.408360120447
chr9	123484608	1662644320	125446874	1962266	1959425	0.44516141526
chr9	125446874	1664606586	127412277	1965403	1959426	0.442633960939
chr9	127412277	1666571989	129373626	1961349	1959425	0.442053462129
chr9	129373626	1668533338	131333840	1960214	1959426	0.497948185302
chr9	131333840	1670493552	133293606	1959766	1959425	0.512656318379
chr9	133293606	1672453318	135254360	1960754	1959425	0.488996081103
chr9	135254360	1674414072	137222605	1968245	1959426	0.521968755848
chr9	137222605	1676382317	139185927	1963322	1959425	0.54444240439
chr9	139185927	1678345639	141213431	2027504	1959426	0.555675248588
chr10	0	1680373143	2032071	2032071	1963307	0.45666108709
chr10	2032071	1682405214	3997088	1965017	1963308	0.423840176609
chr10	3997088	1684370231	5969238	1972150	1963308	0.410702623327
chr10	5969238	1686342381	7942046	1972808	1963308	0.432395415676
chr10	7942046	1688315189	9907948	1965902	1963307	0.382194145798
chr10	9907948	1690281091	11876811	1968863	1963308	0.408552135367
chr10	11876811	1692249954	13843047	1966236	1963308	0.447013535493
chr10	13843047	1694216190	15808086	1965039	1963308	0.429308090773
chr10	15808086	1696181229	17776748	1968662	1963308	0.396833080709
chr10	17776748	1698149891	19911485	2134737	1963307	0.385238152114
chr10	19911485	1700284628	21880201	1968716	1963308	0.394030023599
chr10	21880201	1702253344	23848704	1968503	1963308	0.401353819269
chr10	23848704	1704221847	25816943	1968239	1963308	0.398735723928
chr10	25816943	1706190086	27782904	1965961	1963307	0.398748603102
chr10	27782904	1708156047	29748345	1965441	1963308	0.407492865476
chr10	29748345	1710121488	31716454	1968109	1963308	0.424318547074
chr10	31716454	1712089597	33684031	1967577	1963308	0.401285030995
chr10	33684031	1714057174	35651409	1967378	1963308	0.41367249845
chr10	35651409	1716024552	37631405	1979996	1963307	0.395221305891
chr10	37631405	1718004548	39602589	1971184	1963308	0.402415694003
chr10	39602589	1719975732	41565897	1963308	1963308	0.0
chr10	41565897	1721939040	43542563	1976666	1963308	0.412922479189
chr10	43542563	1723915706	45511536	1968973	1963307	0.448462778857
chr10	45511536	1725884679	47953732	2442196	1963308	0.422983234179
chr10	47953732	1728326875	50414246	2460514	1963308	0.436750492098
chr10	50414246	1730787389	52704861	2290615	1963308	0.41530628129
chr10	52704861	1733078004	54674120	1969259	1963308	0.368632192482
chr10	54674120	1735047263	56641924	1967804	1963307	0.353093600785
chr10	56641924	1737015067	58612359	1970435	1963308	0.346032377589
chr10	58612359	1738985502	60578882	1966523	1963308	0.366581338443
chr10	60578882	1740952025	62544781	1965899	1963308	0.385993692456
chr10	62544781	1742917924	64511284	1966503	1963307	0.385192082185
chr10	64511284	1744884427	66477195	1965911	1963308	0.389497907588
chr10	66477195	1746850338	68443529	1966334	1963308	0.354459258235
chr10	68443529	1748816672	70412223	1968694	1963308	0.388688248465
chr10	70412223	1750785366	72376354	1964131	1963308	0.464256239267
chr10	72376354	1752749497	74340625	1964271	1963307	0.484612373127
chr10	74340625	1754713768	76313046	1972421	1963308	0.411453831151
chr10	76313046	1756686189	78277843	1964797	1963308	0.421506220229
chr10	78277843	1758650986	80248680	1970837	1963308	0.44252016527
chr10	80248680	1760621823	82255702	2007022	1963307	0.466829993064
chr10	82255702	1762628845	84225247	1969545	1963308	0.381265336648
chr10	84225247	1764598390	86194039	1968792	1963308	0.386997319171
chr10	86194039	1766567182	88167768	1973729	1963308	0.417601993382
chr10	88167768	1768540911	90213532	2045764	1963308	0.410387600537
chr10	90213532	1770586675	92180209	1966677	1963307	0.383115902493
chr10	92180209	1772553352	94151172	1970963	1963308	0.396212515189
chr10	94151172	1774524315	96116840	1965668	1963308	0.417055253425
chr10	96116840	1776489983	98086373	1969533	1963308	0.403854209242
chr10	98086373	1778459516	100052134	1965761	1963307	0.45687298011
chr10	100052134	1780425277	102029124	1976990	1963308	0.414236375261
chr10	102029124	1782402267	103994086	1964962	1963308	0.46516679186
chr10	103994086	1784367229	105958205	1964119	1963308	0.460800021995
chr10	105958205	1786331348	107931905	1973700	1963308	0.398805392101
chr10	107931905	1788305048	109900724	1968819	1963307	0.381018386131
chr10	109900724	1790273867	111875898	1975174	1963308	0.385846122067
chr10	111875898	1792249041	113845490	1969592	1963308	0.413049085243
chr10	113845490	1794218633	115811990	1966500	1963308	0.424627078945
chr10	115811990	1796185133	117780198	1968208	1963307	0.393011616144
chr10	117780198	1798153341	119748192	1967994	1963308	0.429952093399
chr10	119748192	1800121335	121712596	1964404	1963308	0.437652908818
chr10	121712596	1802085739	123680912	1968316	1963308	0.422079155909
chr10	123680912	1804054055	125663500	1982588	1963308	0.450434532606
chr10	125663500	1806036643	127627878	1964378	1963307	0.464035353483
chr10	127627878	1808001021	129595479	1967601	1963308	0.432348538157
chr10	129595479	1809968622	131560581	1965102	1963308	0.446563642433
chr10	131560581	1811933724	133527239	1966658	1963308	0.473476777311
chr10	133527239	1813900382	135534747	2007508	1963308	0.537412150599
chr11	0	1815907890	2049926	2049926	1973921	0.558580524638
chr11	2049926	1817957816	4062015	2012089	1973921	0.499189151982
chr11	4062015	1819969905	6068569	2006554	1973922	0.39143686994
chr11	6068569	1821976459	8054314	1985745	1973921	0.412505218439
chr11	8054314	1823962204	10031439	1977125	1973921	0.433983249432
chr11	10031439	1825939329	12006815	1975376	1973922	0.423310374014
chr11	12006815	1827914705	13983952	1977137	1973921	0.421825678417
chr11	13983952	1829891842	15964882	1980930	1973922	0.408169487898
chr11	15964882	1831872772	17942932	1978050	1973921	0.417737248566
chr11	17942932	1833850822	19922206	1979274	1973921	0.428038838444
chr11	19922206	1835830096	21898890	1976684	1973922	0.393353319647
chr11	21898890	1837806780	23881186	1982296	1973921	0.361697888007
chr11	23881186	1839789076	25865079	1983893	1973921	0.353666398675
chr11	25865079	1841772969	27843717	1978638	1973922	0.376616767072
chr11	27843717	1843751607	29825113	1981396	1973921	0.368225364112
chr11	29825113	1845733003	31806706	1981593	1973922	0.373009116394
chr11	31806706	1847714596	33784323	1977617	1973921	0.416039186517
chr11	33784323	1849692213	35762705	1978382	1973921	0.422936598759
chr11	35762705	1851670595	37745980	1983275	1973922	0.394624654045
chr11	37745980	1853653870	39723979	1977999	1973921	0.354386575133
chr11	39723979	1855631869	41701071	1977092	1973922	0.368291543042
chr11	41701071	1857608961	43682865	1981794	1973921	0.383820534505
chr11	43682865	1859590755	45659160	1976295	1973921	0.464440820383
chr11	45659160	1861567050	47635523	1976363	1973922	0.462127188045
chr11	47635523	1863543413	49628389	1992866	1973921	0.394107888731
chr11	49628389	1865536279	51661449	2033060	1973921	0.378267162683
chr11	51661449	1867569339	53635371	1973922	1973922	0.0
chr11	53635371	1869543261	55640954	2005583	1973921	0.367544370167
chr11	55640954	1871548844	57619588	1978634	1973922	0.403728629217
chr11	57619588	1873527478	59601523	1981935	1973921	0.399128731135
chr11	59601523	1875509413	61608160	2006637	1973921	0.456105956278
chr11	61608160	1877516050	63588274	1980114	1973922	0.458361530335
chr11	63588274	1879496164	65563520	1975246	1973921	0.529889411355
chr11	65563520	1881471410	67540178	1976658	1973922	0.503572693331
chr11	67540178	1883448068	69517477	1977299	1973921	0.496026827154
chr11	69517477	1885425367	71494544	1977067	1973921	0.501738131847
chr11	71494544	1887402434	73470876	1976332	1973922	0.458586959492
chr11	73470876	1889378766	75450485	1979609	1973921	0.445608253339
chr11	75450485	1891358375	77427865	1977380	1973921	0.4416996817
chr11	77427865	1893335755	79408433	1980568	1973922	0.429885840945
chr11	79408433	1895316323	81383222	1974789	1973921	0.370603268903
chr11	81383222	1897291112	83363439	1980217	1973922	0.380873529645
chr11	83363439	1899271329	85343504	1980065	1973921	0.369207203595
chr11	85343504	1901251394	87328737	1985233	1973921	0.399670567968
chr11	87328737	1903236627	89310593	1981856	1973922	0.36527115347
chr11	89310593	1905218483	91393289	2082696	1973921	0.360615413276
chr11	91393289	1907301179	93381409	1988120	1973921	0.392083081421
chr11	93381409	1909289299	95366967	1985558	1973922	0.406116158666
chr11	95366967	1911274857	97346211	1979244	1973921	0.374518244129
chr11	97346211	1913254101	99323060	1976849	1973922	0.351757922069
chr11	99323060	1915230950	101306529	1983469	1973921	0.368873051333
chr11	101306529	1917214419	103286825	1980296	1973921	0.383172633614
chr11	103286825	1919194715	105264783	1977958	1973922	0.366073631418
chr11	105264783	1921172673	107242662	1977879	1973921	0.366061962272
chr11	107242662	1923150552	109227084	1984422	1973922	0.394732678097
chr11	109227084	1925134974	111207289	1980205	1973921	0.392720559012
chr11	111207289	1927115179	113183862	1976573	1973921	0.422676093748
chr11	113183862	1929091752	115162233	1978371	1973922	0.428316601571
chr11	115162233	1931070123	117141428	1979195	1973921	0.439962267526
chr11	117141428	1933049318	119116930	1975502	1973921	0.476951704476
chr11	119116930	1935024820	121093245	1976315	1973922	0.469008767318
chr11	121093245	1937001135	123074001	1980756	1973921	0.416155835291
chr11	123074001	1938981891	125051967	1977966	1973922	0.413403047977
chr11	125051967	1940959857	127031966	1979999	1973921	0.452621993625
chr11	127031966	1942939856	129011331	1979365	1973921	0.401762785779
chr11	129011331	1944919221	130989276	1977945	1973922	0.429013011977
chr11	130989276	1946897166	132966870	1977594	1973921	0.424991757669
chr11	132966870	1948874760	135006516	2039646	1973922	0.453919814997
chr12	0	1950914406	2029167	2029167	1961710	0.440653220222
chr12	2029167	1952943573	4000424	1971257	1961710	0.472458464362
chr12	4000424	1954914830	5967293	1966869	1961710	0.433228208662
chr12	5967293	1956881699	7931683	1964390	1961710	0.461934088665
chr12	7931683	1958846089	9917244	1985561	1961711	0.422876534263
chr12	9917244	1960831650	11890602	1973358	1961710	0.382829792841
chr12	11890602	1962805008	13857964	1967362	1961710	0.424615373668
chr12	13857964	1964772370	15821862	1963898	1961710	0.388592087173
chr12	15821862	1966736268	17787525	1965663	1961710	0.36526213775
chr12	17787525	1968701931	19754085	1966560	1961711	0.371769616213
chr12	19754085	1970668491	21724533	1970448	1961710	0.368083432718
chr12	21724533	1972638939	23697310	1972777	1961710	0.375436883706
chr12	23697310	1974611716	25661137	1963827	1961710	0.374236758903
chr12	25661137	1976575543	27626939	1965802	1961710	0.390973362553
chr12	27626939	1978541345	29592723	1965784	1961711	0.379490951711
chr12	29592723	1980507129	31558814	1966091	1961710	0.407682139146
chr12	31558814	1982473220	33523054	1964240	1961710	0.408938918932
chr12	33523054	1984437460	35487727	1964673	1961710	0.396222071757
chr12	35487727	1986402133	37449437	1961710	1961710	0.0
chr12	37449437	1988363843	39418282	1968845	1961711	0.375603711602
chr12	39418282	1990332688	41385105	1966823	1961710	0.366802842144
chr12	41385105	1992299511	43353656	1968551	1961710	0.384771961944
chr12	43353656	1994268062	45327306	1973650	1961710	0.369290533488
chr12	45327306	1996241712	47293919	1966613	1961710	0.38673354978
chr12	47293919	1998208325	49260247	1966328	1961711	0.427517252953
chr12	49260247	2000174653	51223016	1962769	1961710	0.45915443014
chr12	51223016	2002137422	53192770	1969754	1961710	0.46483980757
chr12	53192770	2004107176	55155900	1963130	1961710	0.472204619964
chr12	55155900	2006070306	57131344	1975444	1961710	0.429685751977
chr12	57131344	2008045750	59100168	1968824	1961711	0.440908439852
chr12	59100168	2010014574	61065092	1964924	1961710	0.358593148037
chr12	61065092	2011979498	63032682	1967590	1961710	0.362222960858
chr12	63032682	2013947088	65004128	1971446	1961710	0.396743408906
chr12	65004128	2015918534	66968367	1964239	1961711	0.396551136037
chr12	66968367	2017882773	68934444	1966077	1961710	0.391998490396
chr12	68934444	2019848850	70906461	1972017	1961710	0.396265958898
chr12	70906461	2021820867	72874180	1967719	1961710	0.376969600873
chr12	72874180	2023788586	74844693	1970513	1961710	0.352782901932
chr12	74844693	2025759099	76812373	1967680	1961711	0.371640844405
chr12	76812373	2027726779	78778040	1965667	1961710	0.371048228364
chr12	78778040	2029692446	80745640	1967600	1961710	0.3658549849
chr12	80745640	2031660046	82712550	1966910	1961710	0.354614237953
chr12	82712550	2033626956	84681901	1969351	1961710	0.361746725955
chr12	84681901	2035596307	86646497	1964596	1961711	0.346588971382
chr12	86646497	2037560903	88617384	1970887	1961710	0.350286596556
chr12	88617384	2039531790	90583059	1965675	1961710	0.375311915437
chr12	90583059	2041497465	92549305	1966246	1961710	0.361078561809
chr12	92549305	2043463711	94520518	1971213	1961710	0.405528062642
chr12	94520518	2045434924	96485450	1964932	1961711	0.414885181894
chr12	96485450	2047399856	98456351	1970901	1961710	0.391023302517
chr12	98456351	2049370757	100419797	1963446	1961710	0.389436338523
chr12	100419797	2051334203	102387238	1967441	1961710	0.400773491278
chr12	102387238	2053301644	104352325	1965087	1961710	0.396316909819
chr12	104352325	2055266731	106318956	1966631	1961711	0.418453265047
chr12	106318956	2057233362	108283507	1964551	1961710	0.424712899067
chr12	108283507	2059197913	110247409	1963902	1961710	0.463513321462
chr12	110247409	2061161815	112210036	1962627	1961710	0.462748690659
chr12	112210036	2063124442	114175695	1965659	1961710	0.458057111577
chr12	114175695	2065090101	116140438	1964743	1961711	0.44388406638
chr12	116140438	2067054844	118102548	1962110	1961710	0.444774814078
chr12	118102548	2069016954	120065296	1962748	1961710	0.43341587059
chr12	120065296	2070979702	122028209	1962913	1961710	0.468495935477
chr12	122028209	2072942615	123994259	1966050	1961710	0.478905411556
chr12	123994259	2074908665	125957175	1962916	1961711	0.489879862531
chr12	125957175	2076871581	127926856	1969681	1961710	0.410045169705
chr12	127926856	2078841262	129892497	1965641	1961710	0.43644954857
chr12	129892497	2080806903	131865096	1972599	1961710	0.465276049237
chr12	131865096	2082779502	133851895	1986799	1961711	0.514961636829
chr13	0	2084766301	20985881	20985881	1954478	0.418588491787
chr13	20985881	2105752182	22942449	1956568	1954478	0.418374502318
chr13	22942449	2107708750	24899617	1957168	1954478	0.408469882534
chr13	24899617	2109665918	26860298	1960681	1954478	0.418414909498
chr13	26860298	2111626599	28815709	1955411	1954478	0.425808256363
chr13	28815709	2113582010	30777913	1962204	1954478	0.417893432188
chr13	30777913	2115544214	32738165	1960252	1954478	0.413154111661
chr13	32738165	2117504466	34694931	1956766	1954478	0.393392573877
chr13	34694931	2119461232	36656729	1961798	1954478	0.379262921807
chr13	36656729	2121423030	38614408	1957679	1954478	0.37773672013
chr13	38614408	2123380709	40574338	1959930	1954478	0.375864570812
chr13	40574338	2125340639	42535501	1961163	1954478	0.406977485321
chr13	42535501	2127301802	44496462	1960961	1954478	0.393730529337
chr13	44496462	2129262763	46457913	1961451	1954478	0.421334592264
chr13	46457913	2131224214	48419336	1961423	1954478	0.389996558624
chr13	48419336	2133185637	50381455	1962119	1954478	0.398377062373
chr13	50381455	2135147756	52340996	1959541	1954478	0.403124095771
chr13	52340996	2137107297	54334216	1993220	1954478	0.407155349479
chr13	54334216	2139100517	56290763	1956547	1954478	0.352647953105
chr13	56290763	2141057064	58276500	1985737	1954478	0.342159770242
chr13	58276500	2143042801	60235755	1959255	1954478	0.362447090913
chr13	60235755	2145002056	62196500	1960745	1954478	0.366204308868
chr13	62196500	2146962801	64152196	1955696	1954478	0.342355517058
chr13	64152196	2148918497	66127722	1975526	1954478	0.343538031352
chr13	66127722	2150894023	68086435	1958713	1954478	0.349100813544
chr13	68086435	2152852736	70043771	1957336	1954478	0.340826673778
chr13	70043771	2154810072	71999833	1956062	1954478	0.344666125444
chr13	71999833	2156766134	73957251	1957418	1954478	0.367855135842
chr13	73957251	2158723552	75918968	1961717	1954478	0.379250545058
chr13	75918968	2160685269	77880915	1961947	1954478	0.377082686655
chr13	77880915	2162647216	79838883	1957968	1954478	0.376383192797
chr13	79838883	2164605184	81799325	1960442	1954478	0.371847907923
chr13	81799325	2166565626	83757551	1958226	1954478	0.343438557716
chr13	83757551	2168523852	85717254	1959703	1954478	0.347284412705
chr13	85717254	2170483555	87675043	1957789	1954478	0.345911667886
chr13	87675043	2172441344	89633344	1958301	1954478	0.343789495293
chr13	89633344	2174399645	91589914	1956570	1954478	0.351387017702
chr13	91589914	2176356215	93551709	1961795	1954478	0.360867102967
chr13	93551709	2178318010	95511098	1959389	1954478	0.377839849218
chr13	95511098	2180277399	97468890	1957792	1954478	0.396691888932
chr13	97468890	2182235191	99429576	1960686	1954478	0.42077117828
chr13	99429576	2184195877	101386611	1957035	1954478	0.426556064091
chr13	101386611	2186152912	103343610	1956999	1954478	0.381018200808
chr13	103343610	2188109911	105300060	1956450	1954478	0.370826373456
chr13	105300060	2190066361	107258257	1958197	1954478	0.374997638136
chr13	107258257	2192024558	109220576	1962319	1954478	0.380243599289
chr13	109220576	2193986877	111176675	1956099	1954478	0.416331263059
chr13	111176675	2195942976	113146714	1970039	1954478	0.466089500182
chr13	113146714	2197913015	115169878	2023164	1954479	0.504795637391
chr14	0	2199936179	21148342	21148342	1951945	0.403144003009
chr14	21148342	2221084521	23104079	1955737	1951945	0.415304393889
chr14	23104079	2223040258	25072042	1967963	1951945	0.46311443547
chr14	25072042	2225008221	27029556	1957514	1951946	0.377374693234
chr14	27029556	2226965735	28991174	1961618	1951945	0.349146623709
chr14	28991174	2228927353	30949661	1958487	1951945	0.366243057786
chr14	30949661	2230885840	32909845	1960184	1951946	0.392115340075
chr14	32909845	2232846024	34864690	1954845	1951945	0.391306327298
chr14	34864690	2234800869	36826669	1961979	1951945	0.405328084217
chr14	36826669	2236762848	38783231	1956562	1951946	0.383317898111
chr14	38783231	2238719410	40740759	1957528	1951945	0.37767645962
chr14	40740759	2240676938	42701509	1960750	1951945	0.346284996777
chr14	42701509	2242637688	44662800	1961291	1951946	0.345674001794
chr14	44662800	2244598979	46625742	1962942	1951945	0.372255143295
chr14	46625742	2246561921	48581920	1956178	1951945	0.350804629431
chr14	48581920	2248518099	50540179	1958259	1951945	0.38488485447
chr14	50540179	2250476358	52496274	1956095	1951946	0.402323095429
chr14	52496274	2252432453	54452683	1956409	1951945	0.393973454453
chr14	54452683	2254388862	56406395	1953712	1951945	0.410893303728
chr14	56406395	2256342574	58368833	1962438	1951946	0.397252909643
chr14	58368833	2258305012	60324225	1955392	1951945	0.396696011136
chr14	60324225	2260260404	62285033	1960808	1951945	0.394959226034
chr14	62285033	2262221212	64246652	1961619	1951946	0.387586592925
chr14	64246652	2264182831	66199750	1953098	1951945	0.425836874712
chr14	66199750	2266135929	68154840	1955090	1951945	0.401228177498
chr14	68154840	2268091019	70108312	1953472	1951946	0.432681469014
chr14	70108312	2270044491	72068655	1960343	1951945	0.418595196254
chr14	72068655	2272004834	74024931	1956276	1951945	0.431962635167
chr14	74024931	2273961110	75979950	1955019	1951946	0.455176696312
chr14	75979950	2275916129	77932201	1952251	1951945	0.455693498742
chr14	77932201	2277868380	79888406	1956205	1951945	0.414781257812
chr14	79888406	2279824585	81845180	1956774	1951945	0.379998528191
chr14	81845180	2281781359	83802487	1957307	1951946	0.371878941956
chr14	83802487	2283738666	85755700	1953213	1951945	0.356934592454
chr14	85755700	2285691879	87714829	1959129	1951945	0.367362366274
chr14	87714829	2287651008	89668758	1953929	1951946	0.400634925184
chr14	89668758	2289604937	91621750	1952992	1951945	0.43874686763
chr14	91621750	2291557929	93579358	1957608	1951945	0.457342371565
chr14	93579358	2293515537	95532189	1952831	1951946	0.447862157184
chr14	95532189	2295468368	97484756	1952567	1951945	0.446103569195
chr14	97484756	2297420935	99437199	1952443	1951945	0.421803431083
chr14	99437199	2299373378	101390466	1953267	1951946	0.491220615286
chr14	101390466	2301326645	103344600	1954134	1951945	0.466488002882
chr14	103344600	2303280779	105298147	1953547	1951945	0.513085159369
chr14	105298147	2305234326	107349540	2051393	1951946	0.496339247783
chr15	0	2307285719	22422437	22422437	1963067	0.413593770993
chr15	22422437	2329708156	24595559	2173122	1963068	0.423168609307
chr15	24595559	2331881278	26563402	1967843	1963067	0.417569981376
chr15	26563402	2333849121	28534289	1970887	1963068	0.417791795162
chr15	28534289	2335820008	30845152	2310863	1963067	0.434626569919
chr15	30845152	2338130871	33025534	2180382	1963068	0.434428064047
chr15	33025534	2340311253	35025173	1999639	1963067	0.409915079757
chr15	35025173	2342310892	36990692	1965519	1963068	0.37417000378
chr15	36990692	2344276411	38957551	1966859	1963067	0.380059902555
chr15	38957551	2346243270	40924422	1966871	1963068	0.423420322512
chr15	40924422	2348210141	42888873	1964451	1963067	0.459103373814
chr15	42888873	2350174592	44911277	2022404	1963068	0.425027417838
chr15	44911277	2352196996	46889092	1977815	1963067	0.41182525987
chr15	46889092	2354174811	48856688	1967596	1963068	0.381727365041
chr15	48856688	2356142407	50824822	1968134	1963067	0.385892539946
chr15	50824822	2358110541	52795615	1970793	1963068	0.414101415926
chr15	52795615	2360081334	54765250	1969635	1963067	0.382745145425
chr15	54765250	2362050969	56739338	1974088	1963068	0.388768495864
chr15	56739338	2364025057	58705101	1965763	1963067	0.400389161471
chr15	58705101	2365990820	60669110	1964009	1963068	0.413555219395
chr15	60669110	2367954829	62636127	1967017	1963067	0.405204525223
chr15	62636127	2369921846	64599638	1963511	1963068	0.432669404277
chr15	64599638	2371885357	66565588	1965950	1963067	0.454974485644
chr15	66565588	2373851307	68531550	1965962	1963068	0.437940369203
chr15	68531550	2375817269	70495977	1964427	1963067	0.456023607878
chr15	70495977	2377781696	72469983	1974006	1963068	0.4231006156
chr15	72469983	2379755702	74469610	1999627	1963067	0.443107196385
chr15	74469610	2381755329	76460475	1990865	1963068	0.481669041679
chr15	76460475	2383746194	78430258	1969783	1963067	0.441500975995
chr15	78430258	2385715977	80400628	1970370	1963068	0.446047243871
chr15	80400628	2387686347	82375003	1974375	1963067	0.426379055267
chr15	82375003	2389660722	84688831	2313828	1963068	0.431425062836
chr15	84688831	2391974550	86775494	2086663	1963067	0.436663368792
chr15	86775494	2394061213	88745752	1970258	1963068	0.399915239613
chr15	88745752	2396031471	90713990	1968238	1963067	0.468024224688
chr15	90713990	2397999709	92679334	1965344	1963068	0.438609791864
chr15	92679334	2399965053	94647158	1967824	1963067	0.427062148788
chr15	94647158	2401932877	96610491	1963333	1963068	0.383716482414
chr15	96610491	2403896210	98576681	1966190	1963067	0.39128579508
chr15	98576681	2405862400	100544422	1967741	1963068	0.429266931708
chr15	100544422	2407830141	102531392	1986970	1963068	0.449270120806
chr16	0	2409817111	2036568	2036568	1963685	0.575374512413
chr16	2036568	2411853679	4038943	2002375	1963686	0.520510373421
chr16	4038943	2413856054	6003845	1964902	1963685	0.487358161009
chr16	6003845	2415820956	7968113	1964268	1963686	0.413121923157
chr16	7968113	2417785224	9938782	1970669	1963686	0.438674296639
chr16	9938782	2419755893	11903770	1964988	1963685	0.465640537611
chr16	11903770	2421720881	13871215	1967445	1963686	0.442866821825
chr16	13871215	2423688326	16019587	2148372	1963686	0.450294501795
chr16	16019587	2425836698	18174444	2154857	1963685	0.446335003822
chr16	18174444	2427991555	20337406	2162962	1963686	0.447108227414
chr16	20337406	2430154517	22474890	2137484	1963686	0.43791351148
chr16	22474890	2432292001	24516309	2041419	1963685	0.443148179626
chr16	24516309	2434333420	26481348	1965039	1963686	0.423195241219
chr16	26481348	2436298459	28506207	2024859	1963686	0.465500100995
chr16	28506207	2438323318	30755616	2249409	1963685	0.496556654164
chr16	30755616	2440572727	32920708	2165092	1963686	0.446693307542
chr16	32920708	2442737819	35151688	2230980	1963685	0.419581236166
chr16	35151688	2444968799	37118875	1967187	1963686	0.365211685581
chr16	37118875	2446935986	39082561	1963686	1963686	0.0
chr16	39082561	2448899672	41046246	1963685	1963685	0.0
chr16	41046246	2450863357	43009932	1963686	1963686	0.0
chr16	43009932	2452827043	44973618	1963686	1963686	0.0
chr16	44973618	2454790729	46944347	1970729	1963685	0.413368233348
chr16	46944347	2456761458	48914094	1969747	1963686	0.416705377183
chr16	48914094	2458731205	50879221	1965127	1963686	0.464418366428
chr16	50879221	2460696332	52844383	1965162	1963685	0.410626288697
chr16	52844383	2462661494	54812407	1968024	1963686	0.414207942375
chr16	54812407	2464629518	56788257	1975850	1963686	0.439146757956
chr16	56788257	2466605368	58752778	1964521	1963685	0.478773218741
chr16	58752778	2468569889	60722184	1969406	1963686	0.37675077993
chr16	60722184	2470539295	62695389	1973205	1963685	0.364066719812
chr16	62695389	2472512500	64662525	1967136	1963686	0.364059359333
chr16	64662525	2474479636	66630918	1968393	1963686	0.421946306509
chr16	66630918	2476448029	68595876	1964958	1963685	0.49000030535
chr16	68595876	2478412987	70593076	1997200	1963686	0.454176392773
chr16	70593076	2480410187	72563583	1970507	1963686	0.43244511951
chr16	72563583	2482380694	74549430	1985847	1963685	0.423888221108
chr16	74549430	2484366541	76518961	1969531	1963686	0.423001797888
chr16	76518961	2486336072	78483953	1964992	1963686	0.403713192
chr16	78483953	2488301064	80448875	1964922	1963685	0.423933444754
chr16	80448875	2490265986	82415633	1966758	1963686	0.446519148244
chr16	82415633	2492232744	84384042	1968409	1963686	0.442177472083
chr16	84384042	2494201153	86353366	1969324	1963685	0.511880206731
chr16	86353366	2496170477	88324997	1971631	1963686	0.505283184041
chr16	88324997	2498142108	90354753	2029756	1963686	0.551820360598
chr17	0	2500171864	1970369	1970369	1956712	0.513799668622
chr17	1970369	2502142233	3945909	1975540	1956713	0.475817775578
chr17	3945909	2504117773	5905698	1959789	1956712	0.473868386986
chr17	5905698	2506077562	7864129	1958431	1956713	0.48734064428
chr17	7864129	2508035993	9824583	1960454	1956713	0.465042316686
chr17	9824583	2509996447	11784150	1959567	1956712	0.435549347841
chr17	11784150	2511956014	13745248	1961098	1956713	0.405842639335
chr17	13745248	2513917112	15725107	1979859	1956713	0.416760570565
chr17	15725107	2515896971	17710361	1985254	1956712	0.473965574213
chr17	17710361	2517882225	19840008	2129647	1956713	0.481500003052
chr17	19840008	2520011872	21858553	2018545	1956712	0.446071428013
chr17	21858553	2522030417	23822755	1964202	1956713	0.402955589511
chr17	23822755	2523994619	25781675	1958920	1956713	0.422425776648
chr17	25781675	2525953539	27742983	1961308	1956712	0.470766477507
chr17	27742983	2527914847	29714067	1971084	1956713	0.420758911585
chr17	29714067	2529885931	31686045	1971978	1956713	0.447582632684
chr17	31686045	2531857909	33646467	1960422	1956712	0.448360150661
chr17	33646467	2533818331	35750371	2103904	1956713	0.446906041464
chr17	35750371	2535922235	37756620	2006249	1956713	0.472175216361
chr17	37756620	2537928484	39718087	1961467	1956712	0.457303684127
chr17	39718087	2539889951	41677624	1959537	1956713	0.488443965647
chr17	41677624	2541849488	43660654	1983030	1956712	0.496255733644
chr17	43660654	2543832518	45817990	2157336	1956713	0.445545853269
chr17	45817990	2545989854	47775062	1957072	1956713	0.464487801688
chr17	47775062	2547946926	49733213	1958151	1956712	0.47319387198
chr17	49733213	2549905077	51692330	1959117	1956713	0.370877930335
chr17	51692330	2551864194	53652196	1959866	1956713	0.381071582372
chr17	53652196	2553824060	55610929	1958733	1956712	0.424727183616
chr17	55610929	2555782793	57568982	1958053	1956713	0.444757680453
chr17	57568982	2557740846	59557401	1988419	1956713	0.417319068749
chr17	59557401	2559729265	61523083	1965682	1956712	0.408562617389
chr17	61523083	2561694947	63507266	1984183	1956713	0.457497602349
chr17	63507266	2563679130	65469247	1961981	1956712	0.428698923487
chr17	65469247	2565641111	67429916	1960669	1956713	0.417649365957
chr17	67429916	2567601780	69398516	1968600	1956713	0.378141950481
chr17	69398516	2569570380	71356116	1957600	1956712	0.43898861975
chr17	71356116	2571527980	73313222	1957106	1956713	0.507098739569
chr17	73313222	2573485086	75270677	1957455	1956713	0.50625582069
chr17	75270677	2575442541	77228725	1958048	1956712	0.51305176068
chr17	77228725	2577400589	79218665	1989940	1956713	0.531448878369
chr17	79218665	2579390529	81195210	1976545	1956712	0.551503052613
chr18	0	2581367074	1964945	1964945	1944703	0.39457335672
chr18	1964945	2583332019	3912571	1947626	1944704	0.403218684472
chr18	3912571	2585279645	5864226	1951655	1944704	0.385596956842
chr18	5864226	2587231300	7812113	1947887	1944704	0.410788294405
chr18	7812113	2589179187	9763208	1951095	1944704	0.41601417049
chr18	9763208	2591130282	11714524	1951316	1944704	0.420244163176
chr18	11714524	2593081598	13669392	1954868	1944704	0.44367605007
chr18	13669392	2595036466	15629292	1959900	1944704	0.401568296883
chr18	15629292	2596996366	17573995	1944703	1944703	0.0
chr18	17573995	2598941069	19522048	1948053	1944704	0.400676653955
chr18	19522048	2600889122	21468990	1946942	1944704	0.425186343315
chr18	21468990	2602836064	23419817	1950827	1944704	0.403587910575
chr18	23419817	2604786891	25369951	1950134	1944704	0.390253295155
chr18	25369951	2606737025	27318534	1948583	1944704	0.357299271009
chr18	27318534	2608685608	29266625	1948091	1944704	0.361117770045
chr18	29266625	2610633699	31214408	1947783	1944704	0.381163732137
chr18	31214408	2612581482	33165339	1950931	1944703	0.378229288243
chr18	33165339	2614532413	35113408	1948069	1944704	0.424989130273
chr18	35113408	2616480482	37063473	1950065	1944704	0.381983798505
chr18	37063473	2618430547	39014809	1951336	1944704	0.361570368639
chr18	39014809	2620381883	40965835	1951026	1944704	0.370730199669
chr18	40965835	2622332909	42913620	1947785	1944704	0.381338411233
chr18	42913620	2624280694	44867901	1954281	1944704	0.436504846023
chr18	44867901	2626234975	46819822	1951921	1944704	0.451868234556
chr18	46819822	2628186896	48769709	1949887	1944703	0.430346035082
chr18	48769709	2630136783	50718218	1948509	1944704	0.383828985312
chr18	50718218	2632085292	52668828	1950610	1944704	0.376342043705
chr18	52668828	2634035902	54616234	1947406	1944704	0.383953953152
chr18	54616234	2635983308	56565650	1949416	1944704	0.431738600957
chr18	56565650	2637932724	58516130	1950480	1944704	0.397617101824
chr18	58516130	2639883204	60466601	1950471	1944704	0.394639146504
chr18	60466601	2641833675	62419634	1953033	1944704	0.392822453259
chr18	62419634	2643786708	64366301	1946667	1944703	0.346190852168
chr18	64366301	2645733375	66314815	1948514	1944704	0.350735636762
chr18	66314815	2647681889	68263205	1948390	1944704	0.369796734949
chr18	68263205	2649630279	70215338	1952133	1944704	0.360402328732
chr18	70215338	2651582412	72164195	1948857	1944704	0.390289908095
chr18	72164195	2653531269	74114393	1950198	1944704	0.415515208925
chr18	74114393	2655481467	76061242	1946849	1944704	0.429872984225
chr18	76061242	2657428316	78077248	2016006	1944704	0.480691599335
chr19	0	2659444322	2100008	2100008	1953575	0.569321719011
chr19	2100008	2661544330	4056168	1956160	1953575	0.550430383578
chr19	4056168	2663500490	6011714	1955546	1953575	0.53497945333
chr19	6011714	2665456036	7983138	1971424	1953575	0.497209364295
chr19	7983138	2667427460	9978507	1995369	1953575	0.477104367239
chr19	9978507	2669422829	11932901	1954394	1953575	0.512782977452
chr19	11932901	2671377223	13891111	1958210	1953575	0.480912179069
chr19	13891111	2673335433	15847658	1956547	1953575	0.496857477119
chr19	15847658	2675291980	17802522	1954864	1953575	0.505032058463
chr19	17802522	2677246844	19756560	1954038	1953575	0.536354936439
chr19	19756560	2679200882	21728594	1972034	1953575	0.411483968042
chr19	21728594	2681172916	23689712	1961118	1953575	0.413737048217
chr19	23689712	2683134034	25663124	1973412	1953575	0.403345395411
chr19	25663124	2685107446	27616699	1953575	1953575	0.0
chr19	27616699	2687061021	29574125	1957426	1953575	0.416198377611
chr19	29574125	2689018447	31535115	1960990	1953576	0.462002394706
chr19	31535115	2690979437	33491294	1956179	1953575	0.440383584137
chr19	33491294	2692935616	35447534	1956240	1953575	0.468820830961
chr19	35447534	2694891856	37439231	1991697	1953575	0.483935072518
chr19	37439231	2696883553	39424367	1985136	1953575	0.473529799943
chr19	39424367	2698868689	41394908	1970541	1953575	0.486932282117
chr19	41394908	2700839230	43355055	1960147	1953575	0.484844774555
chr19	43355055	2702799377	45323818	1968763	1953575	0.446859325516
chr19	45323818	2704768140	47279741	1955923	1953575	0.510211792374
chr19	47279741	2706724063	49271352	1991611	1953575	0.504268148481
chr19	49271352	2708715674	51267814	1996462	1953575	0.52280932689
chr19	51267814	2710712136	53225940	1958126	1953575	0.459552184535
chr19	53225940	2712670262	55191432	1965492	1953575	0.473859497918
chr19	55191432	2714635754	57155398	1963966	1953575	0.486543568938
chr19	57155398	2716599720	59128983	1973585	1953575	0.463579899225
chr20	0	2718573305	2027357	2027357	1959620	0.454990167021
chr20	2027357	2720600662	3989444	1962087	1959621	0.459404237015
chr20	3989444	2722562749	5954069	1964625	1959620	0.439865175425
chr20	5954069	2724527374	7920863	1966794	1959621	0.382450442242
chr20	7920863	2726494168	9885785	1964922	1959620	0.387247038562
chr20	9885785	2728459090	11849616	1963831	1959621	0.392405566054
chr20	11849616	2730422921	13817029	1967413	1959620	0.391869026108
chr20	13817029	2732390334	15778592	1961563	1959621	0.380785240357
chr20	15778592	2734351897	17741066	1962474	1959620	0.412684282508
chr20	17741066	2736314371	19709687	1968621	1959621	0.432915291552
chr20	19709687	2738282992	21670562	1960875	1959620	0.421048337045
chr20	21670562	2740243867	23642087	1971525	1959621	0.426028149754
chr20	23642087	2742215392	25604333	1962246	1959620	0.457794325692
chr20	25604333	2744177638	27630829	2026496	1959621	0.408033980345
chr20	27630829	2746204134	29591355	1960526	1959620	0.407682725219
chr20	29591355	2748164660	31553517	1962162	1959621	0.46974666752
chr20	31553517	2750126822	33516009	1962492	1959621	0.462325489912
chr20	33516009	2752089314	35476891	1960882	1959620	0.471573366044
chr20	35476891	2754050196	37438086	1961195	1959621	0.464536708959
chr20	37438086	2756011391	39404432	1966346	1959620	0.419003146951
chr20	39404432	2757977737	41368156	1963724	1959621	0.429420397754
chr20	41368156	2759941461	43331604	1963448	1959620	0.456197509486
chr20	43331604	2761904909	45292079	1960475	1959621	0.454993861188
chr20	45292079	2763865384	47259476	1967397	1959620	0.466195215104
chr20	47259476	2765832781	49220487	1961011	1959621	0.474502208807
chr20	49220487	2767793792	51180565	1960078	1959620	0.453772295008
chr20	51180565	2769753870	53145525	1964960	1959621	0.415081818376
chr20	53145525	2771718830	55113478	1967953	1959620	0.395210256332
chr20	55113478	2773686783	57073244	1959766	1959621	0.477878503986
chr20	57073244	2775646549	59035468	1962224	1959620	0.453547654552
chr20	59035468	2777608773	61000093	1964625	1959621	0.495466060479
chr20	61000093	2779573398	63025520	2025427	1959621	0.563423514604
chr21	0	2781598825	11348552	11348552	1932680	0.393959228754
chr21	11348552	2792947377	13281233	1932681	1932681	0.0
chr21	13281233	2794880058	15216121	1934888	1932681	0.383947954086
chr21	15216121	2796814946	17154898	1938777	1932681	0.381291008413
chr21	17154898	2798753723	19093355	1938457	1932681	0.369403221838
chr21	19093355	2800692180	21028344	1934989	1932681	0.358794433669
chr21	21028344	2802627169	22963057	1934713	1932681	0.349108783464
chr21	22963057	2804561882	24897477	1934420	1932681	0.348055905071
chr21	24897477	2806496302	26831096	1933619	1932681	0.357157374687
chr21	26831096	2808429921	28765661	1934565	1932680	0.383406209245
chr21	28765661	2810364486	30701698	1936037	1932681	0.37562311503
chr21	30701698	2812300523	32636669	1934971	1932681	0.382454432181
chr21	32636669	2814235494	34570432	1933763	1932681	0.43994911402
chr21	34570432	2816169257	36505019	1934587	1932681	0.433773788645
chr21	36505019	2818103844	38440194	1935175	1932681	0.436357501148
chr21	38440194	2820039019	40374723	1934529	1932681	0.423254645465
chr21	40374723	2821973548	42311211	1936488	1932681	0.420999850245
chr21	42311211	2823910036	44245886	1934675	1932681	0.481189716503
chr21	44245886	2825844711	46180283	1934397	1932681	0.518541553787
chr21	46180283	2827779108	48129895	1949612	1932680	0.508522060844
chr22	0	2829728720	17982528	17982528	1927006	0.427148491189
chr22	17982528	2847711248	19997193	2014665	1927007	0.490901627383
chr22	19997193	2849725913	22240937	2243744	1927006	0.507616573978
chr22	22240937	2851969657	24182124	1941187	1927007	0.480866108349
chr22	24182124	2853910844	26143349	1961225	1927006	0.475843438827
chr22	26143349	2855872069	28071020	1927671	1927007	0.460569816561
chr22	28071020	2857799740	30005298	1934278	1927006	0.443648282565
chr22	30005298	2859734018	31933627	1928329	1927007	0.474306019039
chr22	31933627	2861662347	33863238	1929611	1927006	0.450257124097
chr22	33863238	2863591958	35793083	1929845	1927007	0.432053421852
chr22	35793083	2865521803	37722936	1929853	1927006	0.482236748357
chr22	37722936	2867451656	39653558	1930622	1927007	0.516166275774
chr22	39653558	2869382278	41583301	1929743	1927006	0.462411873071
chr22	41583301	2871312021	43521849	1938548	1927007	0.505114131696
chr22	43521849	2873250569	45449893	1928044	1927006	0.506758137513
chr22	45449893	2875178613	47378788	1928895	1927007	0.503334288974
chr22	47378788	2877107508	49307570	1928782	1927006	0.487332433284
chr22	49307570	2879036290	51304566	1996996	1927007	0.524719435166
chrX	0	2881033286	2083399	2083399	1959075	0.48612617511
chrX	2083399	2883116685	4114636	2031237	1959075	0.437233019435
chrX	4114636	2885147922	6078406	1963770	1959075	0.377472537545
chrX	6078406	2887111692	8046152	1967746	1959075	0.39963592714
chrX	8046152	2889079438	10009468	1963316	1959075	0.418832303274
chrX	10009468	2891042754	11983432	1973964	1959075	0.400002910654
chrX	11983432	2893016718	13947321	1963889	1959075	0.403549382323
chrX	13947321	2894980607	15912068	1964747	1959075	0.388737696266
chrX	15912068	2896945354	17881560	1969492	1959075	0.41409367076
chrX	17881560	2898914846	19846680	1965120	1959076	0.423052614545
chrX	19846680	2900879966	21813296	1966616	1959075	0.387559759953
chrX	21813296	2902846582	23777605	1964309	1959075	0.39184935583
chrX	23777605	2904810891	25742037	1964432	1959075	0.406533892205
chrX	25742037	2906775323	27710219	1968182	1959075	0.363052438187
chrX	27710219	2908743505	29675007	1964788	1959075	0.363976811771
chrX	29675007	2910708293	31641651	1966644	1959075	0.386544909455
chrX	31641651	2912674937	33603745	1962094	1959075	0.358624144792
chrX	33603745	2914637031	35567588	1963843	1959075	0.363450781503
chrX	35567588	2916600874	37536383	1968795	1959075	0.372995163115
chrX	37536383	2918569669	39497789	1961406	1959076	0.406922476099
chrX	39497789	2920531075	41457575	1959786	1959075	0.451629972221
chrX	41457575	2922490861	43426067	1968492	1959075	0.385016667564
chrX	43426067	2924459353	45390087	1964020	1959075	0.401959855847
chrX	45390087	2926423373	47353819	1963732	1959075	0.416564056028
chrX	47353819	2928387105	49470625	2116806	1959075	0.460011283099
chrX	49470625	2930503911	51466256	1995631	1959075	0.401652829696
chrX	51466256	2932499542	53807069	2340813	1959075	0.42707682637
chrX	53807069	2934840355	55804957	1997888	1959075	0.412740441165
chrX	55804957	2936838243	57787178	1982221	1959075	0.389187795722
chrX	57787178	2938820464	59770369	1983191	1959076	0.403425868262
chrX	59770369	2940803655	61740925	1970556	1959075	0.401985911907
chrX	61740925	2942774211	63764015	2023090	1959075	0.388376307158
chrX	63764015	2944797301	65736806	1972791	1959075	0.395457607565
chrX	65736806	2946770092	67704880	1968074	1959075	0.384030901246
chrX	67704880	2948738166	69674741	1969861	1959075	0.437608097619
chrX	69674741	2950708027	71696707	2021966	1959075	0.434233380548
chrX	71696707	2952729993	73769746	2073039	1959075	0.400751842342
chrX	73769746	2954803032	75748039	1978293	1959075	0.388593207788
chrX	75748039	2956781325	77717467	1969428	1959075	0.389972543932
chrX	77717467	2958750753	79684654	1967187	1959076	0.369606580761
chrX	79684654	2960717940	81653878	1969224	1959075	0.365695455981
chrX	81653878	2962687164	83625564	1971686	1959075	0.360814692791
chrX	83625564	2964658850	85591092	1965528	1959075	0.368126154269
chrX	85591092	2966624378	87568351	1977259	1959075	0.358951600219
chrX	87568351	2968601637	89529970	1961619	1959075	0.356678481725
chrX	89529970	2970563256	91493498	1963528	1959075	0.361273318971
chrX	91493498	2972526784	93455971	1962473	1959075	0.361825755742
chrX	93455971	2974489257	95425977	1970006	1959075	0.359128998461
chrX	95425977	2976459263	97389717	1963740	1959076	0.37457313639
chrX	97389717	2978423003	99359395	1969678	1959075	0.363123959222
chrX	99359395	2980392681	101336254	1976859	1959075	0.404534259111
chrX	101336254	2982369540	103434879	2098625	1959075	0.407709421446
chrX	103434879	2984468165	105402728	1967849	1959075	0.381323077814
chrX	105402728	2986436014	107385407	1982679	1959075	0.399426836692
chrX	107385407	2988418693	109351259	1965852	1959075	0.387311061757
chrX	109351259	2990384545	111319072	1967813	1959075	0.393366754497
chrX	111319072	2992352358	113286480	1967408	1959075	0.380402661367
chrX	113286480	2994319766	115291393	2004913	1959075	0.382376727377
chrX	115291393	2996324679	117261095	1969702	1959076	0.370960314715
chrX	117261095	2998294381	119244238	1983143	1959075	0.427616740077
chrX	119244238	3000277524	121284619	2040381	1959075	0.388535271855
chrX	121284619	3002317905	123246319	1961700	1959075	0.385167573872
chrX	123246319	3004279605	125210627	1964308	1959075	0.371629223493
chrX	125210627	3006243913	127178780	1968153	1959075	0.356809296016
chrX	127178780	3008212066	129144676	1965896	1959075	0.397261200734
chrX	129144676	3010177962	131121418	1976742	1959075	0.403662285051
chrX	131121418	3012154704	133084283	1962865	1959075	0.40193196992
chrX	133084283	3014117569	135144384	2060101	1959075	0.413111383266
chrX	135144384	3016177670	137107214	1962830	1959076	0.405847265584
chrX	137107214	3018140500	139071344	1964130	1959075	0.385931291787
chrX	139071344	3020104630	141142657	2071313	1959075	0.389988968361
chrX	141142657	3022175943	143109758	1967101	1959075	0.374378464168
chrX	143109758	3024143044	145072807	1963049	1959075	0.369857886695
chrX	145072807	3026106093	147052035	1979228	1959075	0.374831121194
chrX	147052035	3028085321	149071439	2019404	1959075	0.403621087362
chrX	149071439	3030104725	151044749	1973310	1959075	0.42699683954
chrX	151044749	3032078035	153134647	2089898	1959075	0.459881856954
chrX	153134647	3034167933	155270560	2135913	1959075	0.443967159537
chrY	0	3036303846	4702343	4702343	2048387	0.425974052585
chrY	4702343	3041006189	6878823	2176480	2048387	0.373913958397
chrY	6878823	3043182669	8956659	2077836	2048388	0.41139012039
chrY	8956659	3045260505	11228293	2271634	2048387	0.415293149131
chrY	11228293	3047532139	13295674	2067381	2048387	0.445171942206
chrY	13295674	3049599520	15376586	2080912	2048388	0.403206635042
chrY	15376586	3051680432	17460864	2084278	2048387	0.38791765022
chrY	17460864	3053764710	19649537	2188673	2048387	0.382409448639
chrY	19649537	3055953383	22272968	2623431	2048388	0.389663535052
chrY	22272968	3058576814	24834436	2561468	2048387	0.39801419477
chrY	24834436	3061138282	59373566	34539130	2048387	0.394674100847
